    59    59     1
    0.098441  0.000321689 -9.54493e-05 -0.000770311   0.00035909   4.0894e-07  -0.00056497  0.000722585  0.000842557  0.000214544  0.000627753  -1.4073e-05  -5.6771e-05  4.62644e-05  -0.00188828 -0.000816855  0.000175939 -0.000617098  0.000522502 -1.88693e-05 -0.000140736  0.000214791  -0.00138631  0.000814213   0.00022562  -0.00125608  0.000307156    0.0001049   0.00025771  -0.00654995  0.000381804   -0.0050036  9.91936e-05  4.63453e-05 -6.02532e-05  0.000177418  0.000136416   -0.0072277   -0.0400281  0.000585232  -0.00169458  0.000240029 -0.000655644  0.000333194  0.000688634 -0.000988472  -0.00048494  0.000511389   0.00360144  0.000863147  -0.00172251  0.000587674  -0.00203732  0.000900408  0.000713025  0.000278996  0.000309381  0.000278885  0.000453068
 0.000321689       4.6987   -0.0271201   -0.0374038   0.00322061  -0.00185503 -0.000236331 -0.000214124  0.000153811   -0.0428572   0.00325529   -0.0029321  8.60203e-05  2.88575e-05  -0.00781703   0.00572613   0.00443253    -0.117305   -0.0990728 -3.84399e-05   0.00267467   -0.0281253  -0.00260018   -0.0407914   -0.0319778  1.87774e-05   -0.0453832   -0.0372145   -0.0527903    -0.032289   -0.0496124    -0.079693 -0.000556144  -0.00245305    -0.001242   -0.0405524   -0.0131202   -0.0328248  -0.00123025   -0.0473655   -0.0347307   -0.0443964    -0.103647   -0.0405116  -0.00140898 -0.000266311   0.00233623  -0.00502282  -0.00312778    -0.013477  -0.00276539    -0.122638    -0.140242    -0.141206    -0.106685   -0.0271089   -0.0314443   -0.0270884      -0.0273
-9.54493e-05   -0.0271201      4.70092   -0.0329079 -0.000166028  -0.00403285 -0.000194998  -0.00197343   0.00182269   -0.0378864     0.002956 -0.000486851  -0.00304143   6.5789e-05  -0.00797488   0.00536448   0.00138384    -0.104053   -0.0874877 -4.39366e-05  0.000192947   -0.0248286   0.00540603   -0.0358229   -0.0282155   0.00020729   -0.0400235   -0.0328696   -0.0466687   -0.0258096   -0.0437671   -0.0972528 -0.000640474  0.000867699  -0.00187561    -0.035816   -0.0164144    -0.115596 -0.000727697   -0.0418214   -0.0313863   -0.0392836   -0.0933764   -0.0357266  -0.00117994  -0.00033144  -0.00337209   0.00498796  -0.00388322  -0.00492731  0.000248559    -0.108419    -0.125198    -0.124672   -0.0941875   -0.0239237   -0.0277167   -0.0239057   -0.0239934
-0.000770311   -0.0374038   -0.0329079      2.95227  0.000154638   0.00343011  6.09159e-05   0.00456094  0.000676896    -0.051493   0.00462613 -0.000975997   0.00625752  -0.00109812    -0.134689    0.0289995   0.00616613    -0.144429    -0.117762 -0.000941583 -0.000980839   -0.0343076   0.00177104   -0.0491001   -0.0385908  0.000465727   -0.0546308   -0.0488974   -0.0631926    -0.035175   -0.0593874   -0.0881819  -0.00163039  -0.00613363   0.00306423      -0.0468   -0.0190755   -0.0368718 -0.000411278   -0.0570438   -0.0968751   -0.0535597     -0.12334   -0.0486453   0.00197392  -0.00077499    0.0118656   0.00302767  -0.00524149    -0.010733    0.0283259    -0.147141    -0.168783    -0.168993    -0.128263   -0.0343823    -0.039457   -0.0343582   -0.0345335
  0.00035909   0.00322061 -0.000166028  0.000154638      3.30043     0.142461   0.00813077     0.172273     0.190959   0.00538097    0.0149596     0.354195     0.160444  -0.00808025      0.11613  -0.00519869    -0.122123  -0.00783527    0.0124022 -0.000175175     -0.34582   0.00343322    0.0743152  -0.00324547   0.00395341 -0.000693386   0.00517543   0.00449187   0.00645083    0.0464159   0.00585088   -0.0172891   0.00887681     0.153492     0.222436   0.00495261      0.21738   -0.0352769 -0.000199398   0.00676334   -0.0305799    0.0053863    -0.156692   0.00466974     0.223863    0.0266214   -0.0493877    0.0122588    0.0244298     0.102361     0.120882    0.0158467    0.0432066    0.0176553    0.0132479   0.00313992   0.00373524   0.00313732   0.00221525
  4.0894e-07  -0.00185503  -0.00403285   0.00343011     0.142461      3.46013  -0.00867578    -0.231927   -0.0503064  -0.00373544  -0.00836424    -0.159253    -0.299549   0.00949857    -0.159939    0.0160764   -0.0518668   -0.0246246  -0.00849513 -4.74932e-05     0.153144  -0.00235516   -0.0185254    0.0070884   -0.0026004  -0.00266729  -0.00323547  -0.00329327  -0.00508761   -0.0119264  -0.00371494   0.00592754   0.00100102     0.062669    -0.215802   -0.0035151    0.0474792    -0.013926 -8.82707e-05  -0.00439164   -0.0285308  -0.00459155    0.0557048  -0.00291685    -0.189491   -0.0357502    -0.271145   -0.0149217  -0.00358561   -0.0384739    0.0460858   -0.0115821  -0.00704117   -0.0119669   -0.0090026  -0.00221238  -0.00236435  -0.00221063 -0.000895445
 -0.00056497 -0.000236331 -0.000194998  6.09159e-05   0.00813077  -0.00867578     0.280697  -0.00873519  -0.00356726 -0.000303529 -0.000518823  -0.00828206   -0.0104769  0.000333301  -0.00566346  0.000667236 -0.000380918 -0.000812988 -0.000684562 -1.86095e-05   0.00802787 -0.000224363  -0.00108146  9.42111e-06 -0.000242354  0.000114621 -0.000320797 -0.000264987 -0.000381827  7.74434e-05 -0.000356541  0.000426376 -8.03979e-05   0.00029483  -0.00865331 -0.000287064 -0.000805818  0.000985069  0.000527663 -0.000442801 -0.000373207 -0.000340217    0.0020348  -0.00029513  -0.00825651  -0.00121129  -0.00755706 -0.000593056 -0.000907749  -0.00232366  0.000391272 -0.000892274 -0.000728936  -0.00102494 -0.000792559 -0.000257295 -0.000285935 -0.000257157 -0.000245506
 0.000722585 -0.000214124  -0.00197343   0.00456094     0.172273    -0.231927  -0.00873519      3.09661   0.00875906  -0.00159852   -0.0114313     -0.18206    -0.459367   0.00892427    -0.147249    0.0112772   -0.0320453   -0.0122074  -0.00181242   4.8209e-05     0.175708 -0.000526047   -0.0223175  0.000725248 -0.000617145  -0.00251398 -0.000413568 -0.000210408  -0.00190659   -0.0149649 -0.000622621   -0.0125714 -0.000560536    0.0374133    -0.217336   -0.0007177    0.0169046  -0.00379109 -0.000708636  -0.00171262   -0.0157625  -0.00203864    0.0421951 -0.000457714    -0.196965     0.479758   -0.0621655     -0.01372   -0.0053069   -0.0444618    0.0263694  -0.00444924  -0.00168719  -0.00264162  -0.00199944 -0.000506808 -0.000628294 -0.000506426  0.000324446
 0.000842557  0.000153811   0.00182269  0.000676896     0.190959   -0.0503064  -0.00356726   0.00875906      2.58164   0.00338724   -0.0057685    -0.166899     0.142626   0.00156609   -0.0532684   0.00402327    0.0662379    0.0130625    0.0002591    0.0001109     0.165082  0.000102151   -0.0363842    -0.120031  4.72749e-05  0.000317106  0.000261833  0.000176299   0.00116587   -0.0225741  0.000214042   0.00155429  -0.00372125   -0.0847537   -0.0940941  0.000193063    -0.115825    0.0203871 -0.000735613 -0.000384763    0.0156253   0.00150073    0.0886936  0.000196441    -0.110897  0.000272107    -0.476009  -0.00536006   -0.0114556   -0.0486113    -0.066763   0.00276937   -0.0167611  0.000369287  0.000304634  0.000156517  2.58336e-05  0.000156479  0.000382524
 0.000214544   -0.0428572   -0.0378864    -0.051493   0.00538097  -0.00373544 -0.000303529  -0.00159852   0.00338724      3.64285   0.00547172  -0.00441282  -0.00315245  0.000169229    -0.011725   0.00821149   0.00752484    -0.165914    -0.140079 -0.000158985   0.00333042   -0.0396482  -0.00356698   -0.0564744   -0.0449561  7.79266e-05   -0.0637974   -0.0526985     -0.07504     -0.04487   -0.0697535   -0.0752807  -0.00120751  -0.00317664  -0.00275793   -0.0574131   -0.0181509   -0.0506998  -0.00155744   -0.0662004   -0.0488527   -0.0633765    -0.146138   -0.0568512  -0.00191308  0.000219159   0.00233207 -0.000850794   -0.0048648   -0.0160906  -0.00379461     -0.17466    -0.197884    -0.199351    -0.150537   -0.0380964    -0.043871   -0.0380675   -0.0375882
 0.000627753   0.00325529     0.002956   0.00462613    0.0149596  -0.00836424 -0.000518823   -0.0114313   -0.0057685   0.00547172      3.68209     -0.01426   -0.0142689  0.000341551    0.0565217     0.112377     0.001171   0.00228244    0.0119968  6.70053e-05    0.0144453   0.00331364   0.00123382   0.00442409   0.00367597 -0.000180402   0.00525701   0.00452298      0.00667   0.00184149   0.00574696   -0.0191023  0.000108254  -0.00381738   -0.0106617    0.0049526  -0.00659576   0.00784936 -0.000433544   0.00512478    -0.107957   0.00578028    0.0163509   0.00461804   -0.0117915  -0.00250364  0.000244483    0.0039795 -0.000518578 -6.23901e-05    0.0102754    0.0157295    0.0138371    0.0168772    0.0126882   0.00309649   0.00335014   0.00309402   0.00262782
 -1.4073e-05   -0.0029321 -0.000486851 -0.000975997     0.354195    -0.159253  -0.00828206     -0.18206    -0.166899  -0.00441282     -0.01426      3.38559    -0.183547   0.00823913    -0.123144   0.00690691    0.0916094   0.00438373   -0.0105478  0.000161463     0.312561  -0.00298206   -0.0609054   0.00387852  -0.00346528  0.000117881   -0.0044631  -0.00386581  -0.00541366   -0.0398795   -0.0050675 -0.000846152  -0.00697925    -0.116374    -0.220602  -0.00420275    -0.172636    0.0290723 -5.26493e-05  -0.00617298    0.0205524  -0.00447836     0.141655   -0.0040782    -0.231031   -0.0285402  -0.00578725  -0.00886251   -0.0213894   -0.0889178   -0.0922504   -0.0131306   -0.0367036   -0.0151451   -0.0114079  -0.00280417  -0.00342908  -0.00280196  -0.00213723
 -5.6771e-05  8.60203e-05  -0.00304143   0.00625752     0.160444    -0.299549   -0.0104769    -0.459367     0.142626  -0.00315245   -0.0142689    -0.183547      2.88021    0.0113369    -0.175365    0.0116816   -0.0698571   -0.0202267  -0.00151584  8.44849e-06     0.174787 -0.000420013    -0.018605  -0.00950798 -0.000455766  -0.00337309 -9.12655e-05  -0.00065334  -0.00316919    -0.010502 -0.000324632  -0.00856106  6.21802e-05    0.0854871    -0.261988 -0.000623702    0.0708745   -0.0125159 -2.58181e-05  -0.00156573   -0.0243434  -0.00375176    0.0240786 -0.000183769    -0.226532    -0.069969     0.104628   -0.0188233  -0.00309404   -0.0434717    0.0633052  -0.00764747   0.00836801  -0.00214563  -0.00161416 -0.000389902 -0.000385837 -0.000389587  0.000778888
 4.62644e-05  2.88575e-05   6.5789e-05  -0.00109812  -0.00808025   0.00949857  0.000333301   0.00892427   0.00156609  0.000169229  0.000341551   0.00823913    0.0113369      3.70421   0.00647376 -0.000608595  0.000737132  0.000762282  0.000355003 -7.86072e-06  -0.00797434  7.90812e-05   0.00127996  -0.00216493  8.62712e-05  0.000125491  0.000104494  0.000109451  0.000225483  0.000661072  0.000129899  -0.00267474  1.74642e-05 -0.000988335   0.00918967  0.000141378   0.00286327 -6.09714e-05 -1.25786e-05  0.000140759  0.000737079  0.000204061  -0.00194534  9.31614e-05   0.00844147   0.00191114   0.00921156  0.000601552  4.88249e-05   0.00158528 -0.000651632  0.000527933  0.000310762  0.000468958  0.000339321  4.71374e-05  3.54611e-05  4.70618e-05 -4.50986e-05
 -0.00188828  -0.00781703  -0.00797488    -0.134689      0.11613    -0.159939  -0.00566346    -0.147249   -0.0532684    -0.011725    0.0565217    -0.123144    -0.175365   0.00647376      2.85838    -0.381787   -0.0196344   -0.0201586   -0.0271834  1.35042e-05      0.11907  -0.00762568    -0.016914  -0.00320297  -0.00862082 -0.000948491   -0.0119261    -0.010026    -0.014786   -0.0139455     -0.01321   -0.0025377 -8.64042e-05    0.0272235    -0.148596   -0.0112039    0.0110657   -0.0102038   0.00151963   -0.0132899     0.334543   -0.0126181  0.000764507   -0.0106881    -0.134442   -0.0220333    -0.181712  -0.00908306  -0.00651574   -0.0333528    0.0770995    -0.035312   -0.0357046   -0.0385848   -0.0290844  -0.00722901  -0.00822758  -0.00722339  -0.00634394
-0.000816855   0.00572613   0.00536448    0.0289995  -0.00519869    0.0160764  0.000667236    0.0112772   0.00402327   0.00821149     0.112377   0.00690691    0.0116816 -0.000608595    -0.381787     0.156674   0.00414017   -0.0113939    0.0189588  3.06419e-05  -0.00642606   0.00535192   0.00097819   0.00650347   0.00606708  0.000460275   0.00858378   0.00712657    0.0101685   0.00746541    0.0093848    0.0112903 -9.25501e-05  -0.00655816    0.0128883   0.00779555  -0.00444777   0.00976505  0.000956667   0.00888454    -0.184697    0.0085842   0.00850106    0.0076386    0.0102527   0.00192675    0.0282928  0.000815388 -0.000242446   0.00317649  -0.00197135    0.0238193    0.0266521    0.0269434    0.0203393    0.0051287   0.00589656   0.00512479   0.00494426
 0.000175939   0.00443253   0.00138384   0.00616613    -0.122123   -0.0518668 -0.000380918   -0.0320453    0.0662379   0.00752484     0.001171    0.0916094   -0.0698571  0.000737132   -0.0196344   0.00414017      3.61112   -0.0346288    0.0163236  3.60909e-05   -0.0908029   0.00449287    0.0316149   0.00681219   0.00503185  -0.00167898   0.00717268   0.00613139   0.00880009    0.0217554   0.00785328   -0.0349285   0.00542613     0.106561  0.000445798   0.00669978     0.129585   -0.0139387  2.60203e-05   0.00715028   -0.0194492   0.00751554   -0.0817607   0.00630663     0.025283  -0.00569954    -0.164036  0.000565106    0.0104084    0.0338929    0.0827224    0.0213317    0.0352768    0.0229805    0.0172558   0.00415915   0.00461654   0.00415578   0.00360085
-0.000617098    -0.117305    -0.104053    -0.144429  -0.00783527   -0.0246246 -0.000812988   -0.0122074    0.0130625    -0.165914   0.00228244   0.00438373   -0.0202267  0.000762282   -0.0201586   -0.0113939   -0.0346288      2.29559    -0.381831 -0.000276741  -0.00673821     -0.10814  -0.00105522    -0.154361    -0.122721   0.00011633    -0.174146    -0.143401    -0.204269    -0.116821    -0.190414    -0.234395  -0.00182506    0.0146431   -0.0104092     -0.15639   -0.0219066    -0.137685  -0.00315209    -0.181126    0.0279475    -0.172275    -0.567095    -0.155267  -0.00370752 -0.000819308   -0.0315594   -0.0034928   -0.0115111   -0.0376196   0.00785836    -0.474994     -0.53755    -0.543627    -0.410551    -0.103948    -0.119945    -0.103869    -0.103099
 0.000522502   -0.0990728   -0.0874877    -0.117762    0.0124022  -0.00849513 -0.000684562  -0.00181242    0.0002591    -0.140079    0.0119968   -0.0105478  -0.00151584  0.000355003   -0.0271834    0.0189588    0.0163236    -0.381831      3.38226  -0.00024999   0.00863626   -0.0913089  -0.00660365    -0.130627    -0.103633  0.000114637    -0.147063    -0.121129    -0.172394    -0.103306     -0.16078    -0.200252  -0.00242548  -0.00740297  -0.00628751    -0.132047   -0.0419318    -0.113494  -0.00362537    -0.152884    -0.112747    -0.145359    -0.336453    -0.131109   -0.0050828  0.000252097   0.00631883   -0.0021927   -0.0107161   -0.0369341  -0.00865116    -0.400935     -0.45753    -0.458979    -0.346632   -0.0877842    -0.101332   -0.0877177   -0.0871062
-1.88693e-05 -3.84399e-05 -4.39366e-05 -0.000941583 -0.000175175 -4.74932e-05 -1.86095e-05   4.8209e-05    0.0001109 -0.000158985  6.70053e-05  0.000161463  8.44849e-06 -7.86072e-06  1.35042e-05  3.06419e-05  3.60909e-05 -0.000276741  -0.00024999       3.7046 -0.000267872  -7.1326e-05     -0.00111  7.97691e-05 -6.41492e-05  4.92538e-05 -9.08661e-05 -0.000155024 -0.000177654 -7.51695e-05 -9.94126e-05   0.00306212 -5.76067e-05  0.000102049  1.34105e-05 -0.000125434  0.000397126 -0.000423453  3.84157e-05 -5.42583e-05 -5.05404e-05 -0.000187078 -0.000295442 -7.60998e-05  0.000120287  7.37355e-05 -7.63529e-05  0.000181871 -0.000313338  -0.00048057  5.72868e-05 -0.000454466 -4.29994e-05 -0.000329967 -0.000252128 -8.01242e-05  -5.9623e-05 -8.00794e-05  -3.4478e-05
-0.000140736   0.00267467  0.000192947 -0.000980839     -0.34582     0.153144   0.00802787     0.175708     0.165082   0.00333042    0.0144453     0.312561     0.174787  -0.00797434      0.11907  -0.00642606   -0.0908029  -0.00673821   0.00863626 -0.000267872      3.39727   0.00247721    0.0566343   -0.0039185   0.00297025 -2.79875e-05   0.00377044   0.00299606   0.00415195    0.0388754   0.00431028    0.0194571   0.00664675     0.116312     0.214461   0.00335147     0.171997   -0.0315843  0.000216286   0.00565151   -0.0211279   0.00324803    -0.139976   0.00351032     0.232949      0.02799   0.00311379   0.00904677     0.020326    0.0861672    0.0920691     0.010008    0.0355441    0.0125682   0.00948264   0.00233464   0.00306604   0.00233281   0.00206763
 0.000214791   -0.0281253   -0.0248286   -0.0343076   0.00343322  -0.00235516 -0.000224363 -0.000526047  0.000102151   -0.0396482   0.00331364  -0.00298206 -0.000420013  7.90812e-05  -0.00762568   0.00535192   0.00449287     -0.10814   -0.0913089  -7.1326e-05   0.00247721      4.70362    -0.001553   -0.0369829   -0.0293832  5.53541e-05   -0.0416942   -0.0343362   -0.0487978   -0.0293276   -0.0455752   -0.0597996 -0.000655289   -0.0021088   -0.0017309   -0.0374005   -0.0119991   -0.0317885  -0.00106292   -0.0433762    -0.031943   -0.0411328   -0.0953299   -0.0371748  -0.00146985 -6.82081e-06   0.00177162 -0.000675953  -0.00330064   -0.0105706  -0.00247219    -0.113474    -0.129821    -0.130046   -0.0982285    -0.024914   -0.0287795   -0.0248951   -0.0247751
 -0.00138631  -0.00260018   0.00540603   0.00177104    0.0743152   -0.0185254  -0.00108146   -0.0223175   -0.0363842  -0.00356698   0.00123382   -0.0609054    -0.018605   0.00127996    -0.016914   0.00097819    0.0316149  -0.00105522  -0.00660365     -0.00111    0.0566343    -0.001553     0.462663    0.0031082  -0.00173694   0.00145656  -0.00482923  -0.00342086  -0.00405325    0.0377131  -0.00350357   0.00721182  -0.00138466    -0.031274   -0.0353111  -0.00333072    -0.146842    0.0308794   0.00115001   0.00499124   0.00766124   -0.0041091    0.0277513  -0.00298609   -0.0357123 -0.000144642    0.0231716    0.0288421   -0.0309954     0.174032   -0.0261457   -0.0101303  0.000700238  -0.00785175  -0.00591583  -0.00147471  -0.00163963  -0.00147357  -0.00352261
 0.000814213   -0.0407914   -0.0358229   -0.0491001  -0.00324547    0.0070884  9.42111e-06  0.000725248    -0.120031   -0.0564744   0.00442409   0.00387852  -0.00950798  -0.00216493  -0.00320297   0.00650347   0.00681219    -0.154361    -0.130627  7.97691e-05   -0.0039185   -0.0369829    0.0031082       3.1161   -0.0421159 -1.56021e-05   -0.0597737   -0.0489029    -0.069515   -0.0415876   -0.0653637    -0.112492 -0.000680198  -0.00449947   0.00732625   -0.0533567   -0.0196891   -0.0427622  -0.00200716   -0.0624329   -0.0448663   -0.0583991    -0.138844   -0.0533684   0.00639935 -0.000388488   0.00576551   0.00335243  -0.00396467   -0.0102528   -0.0046897    -0.161432    -0.187863    -0.185993    -0.140471   -0.0355182    -0.041299   -0.0354912   -0.0358223
  0.00022562   -0.0319778   -0.0282155   -0.0385908   0.00395341   -0.0026004 -0.000242354 -0.000617145  4.72749e-05   -0.0449561   0.00367597  -0.00346528 -0.000455766  8.62712e-05  -0.00862082   0.00606708   0.00503185    -0.122721    -0.103633 -6.41492e-05   0.00297025   -0.0293832  -0.00173694   -0.0421159      3.67126  5.07107e-05   -0.0473507   -0.0389419   -0.0553437   -0.0332878   -0.0517586   -0.0714845  -0.00070591    -0.002475  -0.00193098    -0.042437   -0.0134808     -0.03566  -0.00119824   -0.0492966   -0.0362591   -0.0466216    -0.108173    -0.042227  -0.00174797 -7.45095e-05   0.00208217 -0.000760691   -0.0036081   -0.0120361  -0.00283809    -0.128661    -0.147628    -0.147618    -0.111504   -0.0282819   -0.0327039   -0.0282606   -0.0281926
 -0.00125608  1.87774e-05   0.00020729  0.000465727 -0.000693386  -0.00266729  0.000114621  -0.00251398  0.000317106  7.79266e-05 -0.000180402  0.000117881  -0.00337309  0.000125491 -0.000948491  0.000460275  -0.00167898   0.00011633  0.000114637  4.92538e-05 -2.79875e-05  5.53541e-05   0.00145656 -1.56021e-05  5.07107e-05    0.0488819  5.86465e-05  0.000109123   7.9111e-05  -0.00296257  3.46043e-05   0.00312976  0.000188894   0.00216627  -0.00166234  8.34781e-05  -0.00659247   0.00360669   0.00118742 -4.12498e-05  3.10032e-05 -0.000111046 -0.000375334  2.81501e-05  -0.00130355  1.81898e-05  -0.00436647  0.000102172   -0.0291607    0.0168434   0.00218095  0.000213166   0.00106871  0.000172827  0.000149298  9.58485e-05  0.000101123  9.58348e-05  2.11744e-05
 0.000307156   -0.0453832   -0.0400235   -0.0546308   0.00517543  -0.00323547 -0.000320797 -0.000413568  0.000261833   -0.0637974   0.00525701   -0.0044631 -9.12655e-05  0.000104494   -0.0119261   0.00858378   0.00717268    -0.174146    -0.147063 -9.08661e-05   0.00377044   -0.0416942  -0.00482923   -0.0597737   -0.0473507  5.86465e-05       4.6623    -0.055257   -0.0785386   -0.0477514   -0.0734532    -0.101162  -0.00101049  -0.00352745  -0.00228029   -0.0602211   -0.0185968   -0.0507241  -0.00169197   -0.0699284   -0.0514379    -0.066158    -0.153656    -0.059927  -0.00202627 -1.73701e-05    0.0033425  -0.00512936  -0.00474466    -0.019298  -0.00402365    -0.182582    -0.209445    -0.209476    -0.158227   -0.0401282   -0.0464023   -0.0400979   -0.0400179
   0.0001049   -0.0372145   -0.0328696   -0.0488974   0.00449187  -0.00329327 -0.000264987 -0.000210408  0.000176299   -0.0526985   0.00452298  -0.00386581  -0.00065334  0.000109451    -0.010026   0.00712657   0.00613139    -0.143401    -0.121129 -0.000155024   0.00299606   -0.0343362  -0.00342086   -0.0489029   -0.0389419  0.000109123    -0.055257      4.60141   -0.0648307   -0.0386794   -0.0604013   -0.0719054 -0.000991978  -0.00270762  -0.00240859   -0.0496543   -0.0153723   -0.0428514  -0.00125688   -0.0574114   -0.0422234   -0.0547114    -0.126397   -0.0492545  -0.00186215 -0.000179627   0.00228994  -0.00068452   -0.0043605   -0.0142889  -0.00327232    -0.150826    -0.171584     -0.17247    -0.130274    -0.033062   -0.0381203    -0.033037    -0.032763
  0.00025771   -0.0527903   -0.0466687   -0.0631926   0.00645083  -0.00508761 -0.000381827  -0.00190659   0.00116587     -0.07504      0.00667  -0.00541366  -0.00316919  0.000225483    -0.014786    0.0101685   0.00880009    -0.204269    -0.172394 -0.000177654   0.00415195   -0.0487978  -0.00405325    -0.069515   -0.0553437   7.9111e-05   -0.0785386   -0.0648307      3.61201   -0.0551646   -0.0858704   -0.0955824  -0.00142093  -0.00349648  -0.00368692   -0.0706442   -0.0219101    -0.062131  -0.00191424   -0.0815328   -0.0603002    -0.077933    -0.180057   -0.0699947  -0.00261987  0.000213756   0.00457935  -0.00112037  -0.00589065   -0.0197021  -0.00433063    -0.214818    -0.243729    -0.245354    -0.185278   -0.0468883   -0.0540249   -0.0468527    -0.046318
 -0.00654995    -0.032289   -0.0258096    -0.035175    0.0464159   -0.0119264  7.74434e-05   -0.0149649   -0.0225741     -0.04487   0.00184149   -0.0398795    -0.010502  0.000661072   -0.0139455   0.00746541    0.0217554    -0.116821    -0.103306 -7.51695e-05    0.0388754   -0.0293276    0.0377131   -0.0415876   -0.0332878  -0.00296257   -0.0477514   -0.0386794   -0.0551646     0.677712   -0.0520459   -0.0230891  -0.00233335   -0.0229504   -0.0214527   -0.0422634   -0.0995927   -0.0104257   0.00516962   -0.0487425   -0.0276344   -0.0459991    -0.085583   -0.0425405   -0.0255027  0.000294598     0.017894    0.0133118     0.070506     0.233308   -0.0155222    -0.128376    -0.217184    -0.147227    -0.111226   -0.0282737   -0.0326784   -0.0282524   -0.0293414
 0.000381804   -0.0496124   -0.0437671   -0.0593874   0.00585088  -0.00371494 -0.000356541 -0.000622621  0.000214042   -0.0697535   0.00574696   -0.0050675 -0.000324632  0.000129899     -0.01321    0.0093848   0.00785328    -0.190414     -0.16078 -9.94126e-05   0.00431028   -0.0455752  -0.00350357   -0.0653637   -0.0517586  3.46043e-05   -0.0734532   -0.0604013   -0.0858704   -0.0520459      3.62433    -0.110106  -0.00110168  -0.00384466  -0.00267609   -0.0658386   -0.0211336   -0.0555001  -0.00190318   -0.0764696   -0.0562784   -0.0723369    -0.167942   -0.0655157   -0.0023948 -6.38688e-05   0.00350015  -0.00454438  -0.00517086   -0.0199312  -0.00442598     -0.19963    -0.229018    -0.228998    -0.172969    -0.043854   -0.0507075   -0.0438208   -0.0437494
  -0.0050036    -0.079693   -0.0972528   -0.0881819   -0.0172891   0.00592754  0.000426376   -0.0125714   0.00155429   -0.0752807   -0.0191023 -0.000846152  -0.00856106  -0.00267474   -0.0025377    0.0112903   -0.0349285    -0.234395    -0.200252   0.00306212    0.0194571   -0.0597996   0.00721182    -0.112492   -0.0714845   0.00312976    -0.101162   -0.0719054   -0.0955824   -0.0230891    -0.110106      3.04828   0.00865285  -0.00173105     0.010354   -0.0796771   -0.0940671    -0.508263   0.00343198    -0.116414   -0.0742347   -0.0738043    -0.220963   -0.0926126   -0.0163924   -0.0200688   -0.0134973  -0.00346896   -0.0246817    0.0857354   0.00666438    -0.214126    -0.362512    -0.293295    -0.223622   -0.0604424   -0.0788868   -0.0604007     -0.07989
 9.91936e-05 -0.000556144 -0.000640474  -0.00163039   0.00887681   0.00100102 -8.03979e-05 -0.000560536  -0.00372125  -0.00120751  0.000108254  -0.00697925  6.21802e-05  1.74642e-05 -8.64042e-05 -9.25501e-05   0.00542613  -0.00182506  -0.00242548 -5.76067e-05   0.00664675 -0.000655289  -0.00138466 -0.000680198  -0.00070591  0.000188894  -0.00101049 -0.000991978  -0.00142093  -0.00233335  -0.00110168   0.00865285      3.70356  -0.00638144  -0.00198392   -0.0010303    0.0198242  -0.00599597  -0.00132841  -0.00300641  0.000893524  -0.00128153   0.00229923  -0.00086941   -0.0030043  0.000155884   0.00964323   0.00050859 -0.000839035  -0.00540242   -0.0047979  -0.00344116  -0.00425108  -0.00335186  -0.00251248 -0.000606565 -0.000610337 -0.000606073 -0.000405536
 4.63453e-05  -0.00245305  0.000867699  -0.00613363     0.153492     0.062669   0.00029483    0.0374133   -0.0847537  -0.00317664  -0.00381738    -0.116374    0.0854871 -0.000988335    0.0272235  -0.00655816     0.106561    0.0146431  -0.00740297  0.000102049     0.116312   -0.0021088    -0.031274  -0.00449947    -0.002475   0.00216627  -0.00352745  -0.00270762  -0.00349648   -0.0229504  -0.00384466  -0.00173105  -0.00638144      3.57219  -0.00263269   -0.0029512    -0.134544    0.0232102 -6.25683e-05  -0.00385911    0.0341207  -0.00272994    0.0839634  -0.00315528   -0.0347761   0.00562156     0.198121   0.00498412   -0.0133094   -0.0408543    -0.102194  -0.00879272   -0.0296513   -0.0106526  -0.00803655  -0.00200622  -0.00252377  -0.00200467  -0.00230125
-6.02532e-05    -0.001242  -0.00187561   0.00306423     0.222436    -0.215802  -0.00865331    -0.217336   -0.0940941  -0.00275793   -0.0106617    -0.220602    -0.261988   0.00918967    -0.148596    0.0128883  0.000445798   -0.0104092  -0.00628751  1.34105e-05     0.214461   -0.0017309   -0.0353111   0.00732625  -0.00193098  -0.00166234  -0.00228029  -0.00240859  -0.00368692   -0.0214527  -0.00267609     0.010354  -0.00198392  -0.00263269      3.48364  -0.00256689   -0.0326305   0.00232249  2.47349e-06  -0.00353883  -0.00923091  -0.00330698    0.0666819  -0.00207604    -0.210455    -0.033569    -0.176374   -0.0127369   -0.0101703   -0.0576265  -0.00436022  -0.00865456   -0.0133344  -0.00887425  -0.00665884  -0.00159389  -0.00174684  -0.00159259 -0.000404646
 0.000177418   -0.0405524    -0.035816      -0.0468   0.00495261   -0.0035151 -0.000287064   -0.0007177  0.000193063   -0.0574131    0.0049526  -0.00420275 -0.000623702  0.000141378   -0.0112039   0.00779555   0.00669978     -0.15639    -0.132047 -0.000125434   0.00335147   -0.0374005  -0.00333072   -0.0533567    -0.042437  8.34781e-05   -0.0602211   -0.0496543   -0.0706442   -0.0422634   -0.0658386   -0.0796771   -0.0010303   -0.0029512  -0.00256689      3.65051   -0.0168988   -0.0466949  -0.00143739   -0.0625797   -0.0461899   -0.0595906    -0.137836   -0.0536845  -0.00200099   0.00016013    0.0025169 -0.000793532  -0.00458963   -0.0153797  -0.00412982    -0.164324    -0.187175    -0.187984    -0.141972   -0.0359632   -0.0414902    -0.035936   -0.0356521
 0.000136416   -0.0131202   -0.0164144   -0.0190755      0.21738    0.0474792 -0.000805818    0.0169046    -0.115825   -0.0181509  -0.00659576    -0.172636    0.0708745   0.00286327    0.0110657  -0.00444777     0.129585   -0.0219066   -0.0419318  0.000397126     0.171997   -0.0119991    -0.146842   -0.0196891   -0.0134808  -0.00659247   -0.0185968   -0.0153723   -0.0219101   -0.0995927   -0.0211336   -0.0940671    0.0198242    -0.134544   -0.0326305   -0.0168988     0.553528    -0.117357 -0.000499131   -0.0225263     0.028615   -0.0182829    0.0777418   -0.0172519   -0.0718807   0.00113226     0.218971  -0.00133291    0.0158365    -0.217762    -0.126293   -0.0524333  -0.00454858   -0.0602939   -0.0455497   -0.0115445   -0.0129239   -0.0115358   -0.0114895
  -0.0072277   -0.0328248    -0.115596   -0.0368718   -0.0352769    -0.013926  0.000985069  -0.00379109    0.0203871   -0.0506998   0.00784936    0.0290723   -0.0125159 -6.09714e-05   -0.0102038   0.00976505   -0.0139387    -0.137685    -0.113494 -0.000423453   -0.0315843   -0.0317885    0.0308794   -0.0427622     -0.03566   0.00360669   -0.0507241   -0.0428514    -0.062131   -0.0104257   -0.0555001    -0.508263  -0.00599597    0.0232102   0.00232249   -0.0466949    -0.117357      2.03933   0.00563583   -0.0516114   -0.0436899   -0.0532669    -0.138225   -0.0449309    0.0122702   0.00457788   -0.0383442  0.000812916   -0.0125292    0.0136537    0.0236984    -0.145147    -0.156966    -0.160676    -0.121085   -0.0302035   -0.0338215   -0.0301801   -0.0278527
  -0.0400281  -0.00123025 -0.000727697 -0.000411278 -0.000199398 -8.82707e-05  0.000527663 -0.000708636 -0.000735613  -0.00155744 -0.000433544 -5.26493e-05 -2.58181e-05 -1.25786e-05   0.00151963  0.000956667  2.60203e-05  -0.00315209  -0.00362537  3.84157e-05  0.000216286  -0.00106292   0.00115001  -0.00200716  -0.00119824   0.00118742  -0.00169197  -0.00125688  -0.00191424   0.00516962  -0.00190318   0.00343198  -0.00132841 -6.25683e-05  2.47349e-06  -0.00143739 -0.000499131   0.00563583     0.112216   -0.0253291  0.000503425  -0.00162953  -0.00267431  -0.00156616 -0.000669081   0.00096579   0.00055444 -0.000520359  -0.00350597  -0.00119747   0.00157827  -0.00443665  -0.00244241  -0.00527097  -0.00399395  -0.00105099  -0.00120603  -0.00105023  -0.00119592
 0.000585232   -0.0473655   -0.0418214   -0.0570438   0.00676334  -0.00439164 -0.000442801  -0.00171262 -0.000384763   -0.0662004   0.00512478  -0.00617298  -0.00156573  0.000140759   -0.0132899   0.00888454   0.00715028    -0.181126    -0.152884 -5.42583e-05   0.00565151   -0.0433762   0.00499124   -0.0624329   -0.0492966 -4.12498e-05   -0.0699284   -0.0574114   -0.0815328   -0.0487425   -0.0764696    -0.116414  -0.00300641  -0.00385911  -0.00353883   -0.0625797   -0.0225263   -0.0516114   -0.0253291      4.63402   -0.0537141   -0.0686094    -0.159371   -0.0624167  -0.00358664 -0.000593769   0.00256232   0.00421594  -0.00555794    -0.013165  -0.00449341    -0.189456    -0.218998    -0.217857    -0.164578   -0.0417748   -0.0483961   -0.0417432   -0.0418693
 -0.00169458   -0.0347307   -0.0313863   -0.0968751   -0.0305799   -0.0285308 -0.000373207   -0.0157625    0.0156253   -0.0488527    -0.107957    0.0205524   -0.0243434  0.000737079     0.334543    -0.184697   -0.0194492    0.0279475    -0.112747 -5.05404e-05   -0.0211279    -0.031943   0.00766124   -0.0448663   -0.0362591  3.10032e-05   -0.0514379   -0.0422234   -0.0603002   -0.0276344   -0.0562784   -0.0742347  0.000893524    0.0341207  -0.00923091   -0.0461899     0.028615   -0.0436899  0.000503425   -0.0537141      1.18996   -0.0508484    -0.110211   -0.0459043  -0.00029314  -0.00175287   -0.0688683   -0.0010207  -0.00237813  -0.00390917     0.037599    -0.140355    -0.153593    -0.160565    -0.121267   -0.0307106   -0.0354515   -0.0306873   -0.0305625
 0.000240029   -0.0443964   -0.0392836   -0.0535597    0.0053863  -0.00459155 -0.000340217  -0.00203864   0.00150073   -0.0633765   0.00578028  -0.00447836  -0.00375176  0.000204061   -0.0126181    0.0085842   0.00751554    -0.172275    -0.145359 -0.000187078   0.00324803   -0.0411328   -0.0041091   -0.0583991   -0.0466216 -0.000111046    -0.066158   -0.0547114    -0.077933   -0.0459991   -0.0723369   -0.0738043  -0.00128153  -0.00272994  -0.00330698   -0.0595906   -0.0182829   -0.0532669  -0.00162953   -0.0686094   -0.0508484      4.66264    -0.151861   -0.0589455  -0.00215747  0.000244047   0.00429853 -0.000937672  -0.00366663   -0.0168057  -0.00354337    -0.181397    -0.204906    -0.206828    -0.156177   -0.0395181   -0.0454666   -0.0394882   -0.0389022
-0.000655644    -0.103647   -0.0933764     -0.12334    -0.156692    0.0557048    0.0020348    0.0421951    0.0886936    -0.146138    0.0163509     0.141655    0.0240786  -0.00194534  0.000764507   0.00850106   -0.0817607    -0.567095    -0.336453 -0.000295442    -0.139976   -0.0953299    0.0277513    -0.138844    -0.108173 -0.000375334    -0.153656    -0.126397    -0.180057    -0.085583    -0.167942    -0.220963   0.00229923    0.0839634    0.0666819    -0.137836    0.0777418    -0.138225  -0.00267431    -0.159371    -0.110211    -0.151861       2.1024     -0.13699    0.0887427   0.00746509   -0.0727105  -0.00263473  2.10332e-05   0.00483998    0.0622722    -0.418232    -0.462498    -0.479057    -0.361827   -0.0917048    -0.105801   -0.0916354   -0.0913454
 0.000333194   -0.0405116   -0.0357266   -0.0486453   0.00466974  -0.00291685  -0.00029513 -0.000457714  0.000196441   -0.0568512   0.00461804   -0.0040782 -0.000183769  9.31614e-05   -0.0106881    0.0076386   0.00630663    -0.155267    -0.131109 -7.60998e-05   0.00351032   -0.0371748  -0.00298609   -0.0533684    -0.042227  2.81501e-05    -0.059927   -0.0492545   -0.0699947   -0.0425405   -0.0655157   -0.0926126  -0.00086941  -0.00315528  -0.00207604   -0.0536845   -0.0172519   -0.0449309  -0.00156616   -0.0624167   -0.0459043   -0.0589455     -0.13699      3.65117  -0.00192876 -0.000105229   0.00290507  -0.00432841  -0.00420613   -0.0165935  -0.00361912    -0.162701    -0.186968    -0.186761    -0.141073   -0.0357823   -0.0413978   -0.0357553   -0.0357593
 0.000688634  -0.00140898  -0.00117994   0.00197392     0.223863    -0.189491  -0.00825651    -0.196965    -0.110897  -0.00191308   -0.0117915    -0.231031    -0.226532   0.00844147    -0.134442    0.0102527     0.025283  -0.00370752   -0.0050828  0.000120287     0.232949  -0.00146985   -0.0357123   0.00639935  -0.00174797  -0.00130355  -0.00202627  -0.00186215  -0.00261987   -0.0255027   -0.0023948   -0.0163924   -0.0030043   -0.0347761    -0.210455  -0.00200099   -0.0718807    0.0122702 -0.000669081  -0.00358664  -0.00029314  -0.00215747    0.0887427  -0.00192876      3.41599   -0.0312425    -0.121521   -0.0068197   -0.0125055   -0.0604165    -0.029297  -0.00611195   -0.0186759  -0.00739049  -0.00558891  -0.00141229  -0.00182312  -0.00141122 -0.000871097
-0.000988472 -0.000266311  -0.00033144  -0.00077499    0.0266214   -0.0357502  -0.00121129     0.479758  0.000272107  0.000219159  -0.00250364   -0.0285402    -0.069969   0.00191114   -0.0220333   0.00192675  -0.00569954 -0.000819308  0.000252097  7.37355e-05      0.02799 -6.82081e-06 -0.000144642 -0.000388488 -7.45095e-05  1.81898e-05 -1.73701e-05 -0.000179627  0.000213756  0.000294598 -6.38688e-05   -0.0200688  0.000155884   0.00562156    -0.033569   0.00016013   0.00113226   0.00457788   0.00096579 -0.000593769  -0.00175287  0.000244047   0.00746509 -0.000105229   -0.0312425      2.78674   -0.0109296   0.00104886  -0.00233577   -0.0053181   0.00453242  0.000670633 -0.000187713  0.000152352   6.6422e-05 -8.20331e-05 -0.000271594 -8.20751e-05 -0.000396352
 -0.00048494   0.00233623  -0.00337209    0.0118656   -0.0493877    -0.271145  -0.00755706   -0.0621655    -0.476009   0.00233207  0.000244483  -0.00578725     0.104628   0.00921156    -0.181712    0.0282928    -0.164036   -0.0315594   0.00631883 -7.63529e-05   0.00311379   0.00177162    0.0231716   0.00576551   0.00208217  -0.00436647    0.0033425   0.00228994   0.00457935     0.017894   0.00350015   -0.0134973   0.00964323     0.198121    -0.176374    0.0025169     0.218971   -0.0383442   0.00055444   0.00256232   -0.0688683   0.00429853   -0.0727105   0.00290507    -0.121521   -0.0109296     0.695124   -0.0173537    0.0114795    0.0109547     0.151815    0.0124231     0.028188   0.00901881   0.00678587   0.00165734   0.00209766   0.00165602   0.00257932
 0.000511389  -0.00502282   0.00498796   0.00302767    0.0122588   -0.0149217 -0.000593056     -0.01372  -0.00536006 -0.000850794    0.0039795  -0.00886251   -0.0188233  0.000601552  -0.00908306  0.000815388  0.000565106   -0.0034928   -0.0021927  0.000181871   0.00904677 -0.000675953    0.0288421   0.00335243 -0.000760691  0.000102172  -0.00512936  -0.00068452  -0.00112037    0.0133118  -0.00454438  -0.00346896   0.00050859   0.00498412   -0.0127369 -0.000793532  -0.00133291  0.000812916 -0.000520359   0.00421594   -0.0010207 -0.000937672  -0.00263473  -0.00432841   -0.0068197   0.00104886   -0.0173537     0.146201  -0.00844156    0.0608839   0.00358695  -0.00251554   0.00772702  -0.00338526  -0.00255864 -0.000654928 -0.000741679 -0.000654439  -0.00982712
  0.00360144  -0.00312778  -0.00388322  -0.00524149    0.0244298  -0.00358561 -0.000907749   -0.0053069   -0.0114556   -0.0048648 -0.000518578   -0.0213894  -0.00309404  4.88249e-05  -0.00651574 -0.000242446    0.0104084   -0.0115111   -0.0107161 -0.000313338     0.020326  -0.00330064   -0.0309954  -0.00396467   -0.0036081   -0.0291607  -0.00474466   -0.0043605  -0.00589065     0.070506  -0.00517086   -0.0246817 -0.000839035   -0.0133094   -0.0101703  -0.00458963    0.0158365   -0.0125292  -0.00350597  -0.00555794  -0.00237813  -0.00366663  2.10332e-05  -0.00420613   -0.0125055  -0.00233577    0.0114795  -0.00844156     0.218082   -0.0310599   -0.0123191    -0.013923   -0.0149379   -0.0155818   -0.0119458  -0.00358142  -0.00398813  -0.00357927  -0.00273902
 0.000863147    -0.013477  -0.00492731    -0.010733     0.102361   -0.0384739  -0.00232366   -0.0444618   -0.0486113   -0.0160906 -6.23901e-05   -0.0889178   -0.0434717   0.00158528   -0.0333528   0.00317649    0.0338929   -0.0376196   -0.0369341  -0.00048057    0.0861672   -0.0105706     0.174032   -0.0102528   -0.0120361    0.0168434    -0.019298   -0.0142889   -0.0197021     0.233308   -0.0199312    0.0857354  -0.00540242   -0.0408543   -0.0576265   -0.0153797    -0.217762    0.0136537  -0.00119747    -0.013165  -0.00390917   -0.0168057   0.00483998   -0.0165935   -0.0604165   -0.0053181    0.0109547    0.0608839   -0.0310599     0.865305   -0.0308627   -0.0459936   -0.0669919   -0.0524412   -0.0397432    -0.010443    -0.012273   -0.0104354   -0.0146083
 -0.00172251  -0.00276539  0.000248559    0.0283259     0.120882    0.0460858  0.000391272    0.0263694    -0.066763  -0.00379461    0.0102754   -0.0922504    0.0633052 -0.000651632    0.0770995  -0.00197135    0.0827224   0.00785836  -0.00865116  5.72868e-05    0.0920691  -0.00247219   -0.0261457   -0.0046897  -0.00283809   0.00218095  -0.00402365  -0.00327232  -0.00433063   -0.0155222  -0.00442598   0.00666438   -0.0047979    -0.102194  -0.00436022  -0.00412982    -0.126293    0.0236984   0.00157827  -0.00449341     0.037599  -0.00354337    0.0622722  -0.00361912    -0.029297   0.00453242     0.151815   0.00358695   -0.0123191   -0.0308627      3.12369    -0.010653   -0.0252767     -0.01242  -0.00937806  -0.00237956  -0.00284515  -0.00237776  -0.00256669
 0.000587674    -0.122638    -0.108419    -0.147141    0.0158467   -0.0115821 -0.000892274  -0.00444924   0.00276937     -0.17466    0.0157295   -0.0131306  -0.00764747  0.000527933    -0.035312    0.0238193    0.0213317    -0.474994    -0.400935 -0.000454466     0.010008    -0.113474   -0.0101303    -0.161432    -0.128661  0.000213166    -0.182582    -0.150826    -0.214818    -0.128376     -0.19963    -0.214126  -0.00344116  -0.00879272  -0.00865456    -0.164324   -0.0524333    -0.145147  -0.00443665    -0.189456    -0.140355    -0.181397    -0.418232    -0.162701  -0.00611195  0.000670633    0.0124231  -0.00251554    -0.013923   -0.0459936    -0.010653      9.57892    -0.566247    -0.570561    -0.430846    -0.109026    -0.125541    -0.108943    -0.107543
