     9     9     1
     4.03604   0.00571685  -0.00515579   0.00133046   0.00129142    -0.829972    -0.558528      -0.6987    -0.627116
  0.00571685      3.57743   0.00389685  -0.00061485  -0.00391892   0.00600359   0.00382488   -0.0117322   0.00559741
 -0.00515579   0.00389685      2.61217     0.230006   0.00395922   0.00123078   0.00299894  -0.00193071   -0.0016158
  0.00133046  -0.00061485     0.230006      2.31414 -0.000619153   0.00164472  0.000702047  0.000593844  -0.00015041
  0.00129142  -0.00391892   0.00395922 -0.000619153      3.70353   0.00060535  0.000187837  3.92133e-05   0.00155076
   -0.829972   0.00600359   0.00123078   0.00164472   0.00060535      2.69459    -0.680473    -0.850905    -0.759238
   -0.558528   0.00382488   0.00299894  0.000702047  0.000187837    -0.680473      1.55925    -0.571385    -0.510987
     -0.6987   -0.0117322  -0.00193071  0.000593844  3.92133e-05    -0.850905    -0.571385      1.81756    -0.641101
   -0.627116   0.00559741   -0.0016158  -0.00015041   0.00155076    -0.759238    -0.510987    -0.641101      9.50389
* row and column names
ks_105
ks_110
ks_123
ks_130
ks_175
ks_187
ks_198
surfk_1_9
surfk_3_5
