time,elapsed_seconds,message
18:10:57,0.0001358,PEST++ performance logger started
18:10:57,0.0018039,starting to process control file
18:10:57,0.0071416,finished processing control file
18:10:57,0.0450883,loading parcov
18:10:57,0.0204721,beginning iteration 1
18:10:57,0.0001902,commencing to build jacobian parameter sets
18:10:57,0.107012,jacobian parameter sets built, commencing model runs
19:32:47,4909.62,jacobian runs complete, processing runs
19:32:47,0.0354652,processing jacobian runs complete
19:32:47,4.5e-05,saving jacobian and sen files
19:32:47,0.0084827,commencing calculation of upgrade vector
19:32:47,0.0019942,forming JtQJ matrix
19:32:47,0.0035555,commencing to scale JtQJ matrix- first SVD...
19:32:47,3.39e-05,starting REDSVD
19:32:47,0.103639,retrieving REDSVD components
19:32:47,0.0023754,triming REDSVD components to 122elements
19:32:47,0.0014952,done REDSVD
19:32:47,0.0190167,S info: rows = 321: cols = 321: size = 103041: nonzeros = 299
19:32:47,3.14e-05,JS
19:32:47,0.000151,JS.transpose() * q_mat * JS + lambda * S.transpose() * S
19:32:47,0.0044613,S info: rows = 321: cols = 321: size = 103041: nonzeros = 299
19:32:47,2.81e-05,commencing SVD factorization of lambda-scaled JtQJ
19:32:47,1.14e-05,starting REDSVD
19:32:47,0.115223,retrieving REDSVD components
19:32:47,0.0022697,triming REDSVD components to 116elements
19:32:47,0.0014553,done REDSVD
19:32:47,0.0001609,SVD factorization complete
19:32:47,0.0314755,commencing linear algebra multiplication to compute ugrade
19:32:47,1.59e-05,S info: rows = 321: cols = 321: size = 103041: nonzeros = 299Vt info: rows = 116: cols = 321: size = 37236: nonzeros = 34684
19:32:47,1.17e-05,U info: rows = 321: cols = 116: size = 37236: nonzeros = 34684
19:32:47,1.14e-05,jac info: rows = 178: cols = 321: size = 57138: nonzeros = 4012
19:32:47,0.0003965,linear algebra multiplication to compute ugrade complete
19:32:47,0.0005767,commencing check of parameter bounds and gradients
19:32:47,0.0019103,beginning upgrade vector calculations, lambda = 0.1
19:32:47,0.0001189,commencing calculation of upgrade vector
19:32:47,0.0017644,forming JtQJ matrix
19:32:47,0.0030236,commencing to scale JtQJ matrix- first SVD...
19:32:47,2.27e-05,starting REDSVD
19:32:47,0.096026,retrieving REDSVD components
19:32:47,0.0021833,triming REDSVD components to 121elements
19:32:47,0.0014245,done REDSVD
19:32:47,0.0178004,S info: rows = 313: cols = 313: size = 97969: nonzeros = 291
19:32:47,2.12e-05,JS
19:32:47,0.0001333,JS.transpose() * q_mat * JS + lambda * S.transpose() * S
19:32:47,0.0040637,S info: rows = 313: cols = 313: size = 97969: nonzeros = 291
19:32:47,2.03e-05,commencing SVD factorization of lambda-scaled JtQJ
19:32:47,1.03e-05,starting REDSVD
19:32:47,0.231552,retrieving REDSVD components
19:32:47,0.0028375,triming REDSVD components to 161elements
19:32:47,0.0016424,done REDSVD
19:32:47,0.0001319,SVD factorization complete
19:32:47,0.0424815,commencing linear algebra multiplication to compute ugrade
19:32:47,1.73e-05,S info: rows = 313: cols = 313: size = 97969: nonzeros = 291Vt info: rows = 161: cols = 313: size = 50393: nonzeros = 46851
19:32:47,1.19e-05,U info: rows = 313: cols = 161: size = 50393: nonzeros = 46851
19:32:47,1.1e-05,jac info: rows = 178: cols = 313: size = 55714: nonzeros = 3894
19:32:47,0.0004239,linear algebra multiplication to compute ugrade complete
19:32:47,0.0005442,commencing check of parameter bounds and gradients
19:32:47,8.87e-05,commencing calculation of upgrade vector
19:32:47,0.0017225,forming JtQJ matrix
19:32:47,0.0028387,commencing to scale JtQJ matrix- first SVD...
19:32:47,2.11e-05,starting REDSVD
19:32:48,0.0954582,retrieving REDSVD components
19:32:48,0.0022846,triming REDSVD components to 118elements
19:32:48,0.0014376,done REDSVD
19:32:48,0.0178155,S info: rows = 312: cols = 312: size = 97344: nonzeros = 290
19:32:48,4.61e-05,JS
19:32:48,0.0001392,JS.transpose() * q_mat * JS + lambda * S.transpose() * S
19:32:48,0.004272,S info: rows = 312: cols = 312: size = 97344: nonzeros = 290
19:32:48,9.13e-05,commencing SVD factorization of lambda-scaled JtQJ
19:32:48,1.68e-05,starting REDSVD
19:32:48,0.231089,retrieving REDSVD components
19:32:48,0.0028446,triming REDSVD components to 164elements
19:32:48,0.0016259,done REDSVD
19:32:48,0.0001384,SVD factorization complete
19:32:48,0.0436384,commencing linear algebra multiplication to compute ugrade
19:32:48,1.75e-05,S info: rows = 312: cols = 312: size = 97344: nonzeros = 290Vt info: rows = 164: cols = 312: size = 51168: nonzeros = 47560
19:32:48,1.24e-05,U info: rows = 312: cols = 164: size = 51168: nonzeros = 47560
19:32:48,1.11e-05,jac info: rows = 178: cols = 312: size = 55536: nonzeros = 3890
19:32:48,0.0004274,linear algebra multiplication to compute ugrade complete
19:32:48,0.0005757,commencing check of parameter bounds
19:32:48,7.54e-05,limiting out of bounds pars
19:32:48,0.0007955,error computing upgrade vector for lambda 0.1, skipping : Pest::enforce_par_change_limits error : zero length parameter vector
parameter: KS_8, control type: lower bound
19:32:48,2.31e-05,beginning upgrade vector calculations, lambda = 1
19:32:48,7.62e-05,commencing calculation of upgrade vector
19:32:48,0.001713,forming JtQJ matrix
19:32:48,0.003168,commencing to scale JtQJ matrix- first SVD...
19:32:48,2.11e-05,starting REDSVD
19:32:48,0.0960164,retrieving REDSVD components
19:32:48,0.0021409,triming REDSVD components to 121elements
19:32:48,0.0013979,done REDSVD
19:32:48,0.0182886,S info: rows = 313: cols = 313: size = 97969: nonzeros = 291
19:32:48,2.16e-05,JS
19:32:48,0.0001348,JS.transpose() * q_mat * JS + lambda * S.transpose() * S
19:32:48,0.0040631,S info: rows = 313: cols = 313: size = 97969: nonzeros = 291
19:32:48,2.05e-05,commencing SVD factorization of lambda-scaled JtQJ
19:32:48,1.07e-05,starting REDSVD
19:32:48,0.249993,retrieving REDSVD components
19:32:48,0.0028876,triming REDSVD components to 186elements
19:32:48,0.0017577,done REDSVD
19:32:48,0.000202,SVD factorization complete
19:32:48,0.0490873,commencing linear algebra multiplication to compute ugrade
19:32:48,1.66e-05,S info: rows = 313: cols = 313: size = 97969: nonzeros = 291Vt info: rows = 186: cols = 313: size = 58218: nonzeros = 54126
19:32:48,1.19e-05,U info: rows = 313: cols = 186: size = 58218: nonzeros = 54126
19:32:48,1.1e-05,jac info: rows = 178: cols = 313: size = 55714: nonzeros = 3894
19:32:48,0.000427,linear algebra multiplication to compute ugrade complete
19:32:48,0.0005616,commencing check of parameter bounds and gradients
19:32:48,8.7e-05,commencing calculation of upgrade vector
19:32:48,0.0016985,forming JtQJ matrix
19:32:48,0.0030308,commencing to scale JtQJ matrix- first SVD...
19:32:48,2.12e-05,starting REDSVD
19:32:48,0.0947532,retrieving REDSVD components
19:32:48,0.0020904,triming REDSVD components to 121elements
19:32:48,0.0013855,done REDSVD
19:32:48,0.0179273,S info: rows = 311: cols = 311: size = 96721: nonzeros = 289
19:32:48,4.6e-05,JS
19:32:48,0.0001378,JS.transpose() * q_mat * JS + lambda * S.transpose() * S
19:32:48,0.0040416,S info: rows = 311: cols = 311: size = 96721: nonzeros = 289
19:32:48,4.11e-05,commencing SVD factorization of lambda-scaled JtQJ
19:32:48,1.12e-05,starting REDSVD
19:32:49,0.265635,retrieving REDSVD components
19:32:49,0.0029455,triming REDSVD components to 188elements
19:32:49,0.0017193,done REDSVD
19:32:49,0.0001626,SVD factorization complete
19:32:49,0.0500178,commencing linear algebra multiplication to compute ugrade
19:32:49,2.98e-05,S info: rows = 311: cols = 311: size = 96721: nonzeros = 289Vt info: rows = 188: cols = 311: size = 58468: nonzeros = 54332
19:32:49,1.21e-05,U info: rows = 311: cols = 188: size = 58468: nonzeros = 54332
19:32:49,1.1e-05,jac info: rows = 178: cols = 311: size = 55358: nonzeros = 3873
19:32:49,0.0004839,linear algebra multiplication to compute ugrade complete
19:32:49,0.000629,commencing check of parameter bounds
19:32:49,7.67e-05,limiting out of bounds pars
19:32:49,0.000154,checking for denormal floating point values
19:32:49,2.98e-05,transforming upgrade pars to model pars
19:32:49,3.98e-05,writing upgrade vector to csv file
19:32:49,0.0020815,beginning upgrade vector calculations, lambda = 10
19:32:49,0.0001332,commencing calculation of upgrade vector
19:32:49,0.0017637,forming JtQJ matrix
19:32:49,0.0030547,commencing to scale JtQJ matrix- first SVD...
19:32:49,2.22e-05,starting REDSVD
19:32:49,0.0956458,retrieving REDSVD components
19:32:49,0.0021271,triming REDSVD components to 121elements
19:32:49,0.0013221,done REDSVD
19:32:49,0.0174811,S info: rows = 313: cols = 313: size = 97969: nonzeros = 291
19:32:49,2.13e-05,JS
19:32:49,0.0001347,JS.transpose() * q_mat * JS + lambda * S.transpose() * S
19:32:49,0.0038412,S info: rows = 313: cols = 313: size = 97969: nonzeros = 291
19:32:49,2.03e-05,commencing SVD factorization of lambda-scaled JtQJ
19:32:49,9.7e-06,starting REDSVD
19:32:49,0.288609,retrieving REDSVD components
19:32:49,0.0030858,triming REDSVD components to 186elements
19:32:49,0.0017117,done REDSVD
19:32:49,0.0001983,SVD factorization complete
19:32:49,0.0496859,commencing linear algebra multiplication to compute ugrade
19:32:49,1.82e-05,S info: rows = 313: cols = 313: size = 97969: nonzeros = 291Vt info: rows = 186: cols = 313: size = 58218: nonzeros = 54126
19:32:49,1.25e-05,U info: rows = 313: cols = 186: size = 58218: nonzeros = 54126
19:32:49,1.12e-05,jac info: rows = 178: cols = 313: size = 55714: nonzeros = 3894
19:32:49,0.0003842,linear algebra multiplication to compute ugrade complete
19:32:49,0.0005675,commencing check of parameter bounds and gradients
19:32:49,9.1e-05,commencing calculation of upgrade vector
19:32:49,0.001712,forming JtQJ matrix
19:32:49,0.0027949,commencing to scale JtQJ matrix- first SVD...
19:32:49,2.15e-05,starting REDSVD
19:32:49,0.0939326,retrieving REDSVD components
19:32:49,0.0021589,triming REDSVD components to 121elements
19:32:49,0.0013423,done REDSVD
19:32:49,0.0176179,S info: rows = 311: cols = 311: size = 96721: nonzeros = 289
19:32:49,2.53e-05,JS
19:32:49,0.000138,JS.transpose() * q_mat * JS + lambda * S.transpose() * S
19:32:49,0.0043415,S info: rows = 311: cols = 311: size = 96721: nonzeros = 289
19:32:49,2.24e-05,commencing SVD factorization of lambda-scaled JtQJ
19:32:49,1.03e-05,starting REDSVD
19:32:50,0.287897,retrieving REDSVD components
19:32:50,0.0029553,triming REDSVD components to 197elements
19:32:50,0.0016159,done REDSVD
19:32:50,0.0001676,SVD factorization complete
19:32:50,0.0526047,commencing linear algebra multiplication to compute ugrade
19:32:50,3.13e-05,S info: rows = 311: cols = 311: size = 96721: nonzeros = 289Vt info: rows = 197: cols = 311: size = 61267: nonzeros = 56933
19:32:50,1.28e-05,U info: rows = 311: cols = 197: size = 61267: nonzeros = 56933
19:32:50,1.1e-05,jac info: rows = 178: cols = 311: size = 55358: nonzeros = 3873
19:32:50,0.0004756,linear algebra multiplication to compute ugrade complete
19:32:50,0.0006574,commencing check of parameter bounds
19:32:50,8.21e-05,limiting out of bounds pars
19:32:50,0.0007352,error computing upgrade vector for lambda 10, skipping : Pest::enforce_par_change_limits error : zero length parameter vector
parameter: KS_8, control type: lower bound
19:32:50,2.26e-05,beginning upgrade vector calculations, lambda = 100
19:32:50,0.0005516,commencing calculation of upgrade vector
19:32:50,0.001765,forming JtQJ matrix
19:32:50,0.0030263,commencing to scale JtQJ matrix- first SVD...
19:32:50,2.31e-05,starting REDSVD
19:32:50,0.097336,retrieving REDSVD components
19:32:50,0.0020904,triming REDSVD components to 121elements
19:32:50,0.0013358,done REDSVD
19:32:50,0.0183511,S info: rows = 313: cols = 313: size = 97969: nonzeros = 291
19:32:50,2.2e-05,JS
19:32:50,0.0001312,JS.transpose() * q_mat * JS + lambda * S.transpose() * S
19:32:50,0.0038552,S info: rows = 313: cols = 313: size = 97969: nonzeros = 291
19:32:50,2.22e-05,commencing SVD factorization of lambda-scaled JtQJ
19:32:50,1.08e-05,starting REDSVD
19:32:50,0.300632,retrieving REDSVD components
19:32:50,0.0029998,triming REDSVD components to 181elements
19:32:50,0.0015165,done REDSVD
19:32:50,0.0001662,SVD factorization complete
19:32:50,0.0481058,commencing linear algebra multiplication to compute ugrade
19:32:50,1.73e-05,S info: rows = 313: cols = 313: size = 97969: nonzeros = 291Vt info: rows = 181: cols = 313: size = 56653: nonzeros = 52671
19:32:50,1.16e-05,U info: rows = 313: cols = 181: size = 56653: nonzeros = 52671
19:32:50,1.09e-05,jac info: rows = 178: cols = 313: size = 55714: nonzeros = 3894
19:32:50,0.0003944,linear algebra multiplication to compute ugrade complete
19:32:50,0.0005405,commencing check of parameter bounds and gradients
19:32:50,9.01e-05,commencing calculation of upgrade vector
19:32:50,0.0017801,forming JtQJ matrix
19:32:50,0.0028697,commencing to scale JtQJ matrix- first SVD...
19:32:50,2.12e-05,starting REDSVD
19:32:50,0.0949209,retrieving REDSVD components
19:32:50,0.0021561,triming REDSVD components to 121elements
19:32:50,0.0014369,done REDSVD
19:32:50,0.0180292,S info: rows = 311: cols = 311: size = 96721: nonzeros = 289
19:32:50,2.19e-05,JS
19:32:50,0.0001355,JS.transpose() * q_mat * JS + lambda * S.transpose() * S
19:32:50,0.0038172,S info: rows = 311: cols = 311: size = 96721: nonzeros = 289
19:32:50,1.97e-05,commencing SVD factorization of lambda-scaled JtQJ
19:32:50,1e-05,starting REDSVD
19:32:51,0.300701,retrieving REDSVD components
19:32:51,0.0031069,triming REDSVD components to 191elements
19:32:51,0.0017587,done REDSVD
19:32:51,0.000178,SVD factorization complete
19:32:51,0.0509053,commencing linear algebra multiplication to compute ugrade
19:32:51,3.07e-05,S info: rows = 311: cols = 311: size = 96721: nonzeros = 289Vt info: rows = 191: cols = 311: size = 59401: nonzeros = 55199
19:32:51,1.23e-05,U info: rows = 311: cols = 191: size = 59401: nonzeros = 55199
19:32:51,1.14e-05,jac info: rows = 178: cols = 311: size = 55358: nonzeros = 3873
19:32:51,0.0004823,linear algebra multiplication to compute ugrade complete
19:32:51,0.0006349,commencing check of parameter bounds
19:32:51,7.2e-05,limiting out of bounds pars
19:32:51,0.0019375,error computing upgrade vector for lambda 100, skipping : Pest::enforce_par_change_limits error : zero length parameter vector
parameter: KS_8, control type: lower bound
19:32:51,5.87e-05,beginning upgrade vector calculations, lambda = 1000
19:32:51,0.0003249,commencing calculation of upgrade vector
19:32:51,0.0017634,forming JtQJ matrix
19:32:51,0.0031449,commencing to scale JtQJ matrix- first SVD...
19:32:51,3.18e-05,starting REDSVD
19:32:51,0.0967686,retrieving REDSVD components
19:32:51,0.0021408,triming REDSVD components to 121elements
19:32:51,0.0011906,done REDSVD
19:32:51,0.0176674,S info: rows = 313: cols = 313: size = 97969: nonzeros = 291
19:32:51,3.58e-05,JS
19:32:51,0.0001384,JS.transpose() * q_mat * JS + lambda * S.transpose() * S
19:32:51,0.0038728,S info: rows = 313: cols = 313: size = 97969: nonzeros = 291
19:32:51,2.46e-05,commencing SVD factorization of lambda-scaled JtQJ
19:32:51,1e-05,starting REDSVD
19:32:51,0.313877,retrieving REDSVD components
19:32:51,0.0032712,triming REDSVD components to 175elements
19:32:51,0.0015652,done REDSVD
19:32:51,0.0001802,SVD factorization complete
19:32:51,0.0465569,commencing linear algebra multiplication to compute ugrade
19:32:51,1.76e-05,S info: rows = 313: cols = 313: size = 97969: nonzeros = 291Vt info: rows = 175: cols = 313: size = 54775: nonzeros = 50925
19:32:51,1.19e-05,U info: rows = 313: cols = 175: size = 54775: nonzeros = 50925
19:32:51,1.12e-05,jac info: rows = 178: cols = 313: size = 55714: nonzeros = 3894
19:32:51,0.0003913,linear algebra multiplication to compute ugrade complete
19:32:51,0.000579,commencing check of parameter bounds and gradients
19:32:51,9.12e-05,commencing calculation of upgrade vector
19:32:51,0.0017389,forming JtQJ matrix
19:32:51,0.0029376,commencing to scale JtQJ matrix- first SVD...
19:32:51,2.23e-05,starting REDSVD
19:32:51,0.0926541,retrieving REDSVD components
19:32:51,0.0020609,triming REDSVD components to 121elements
19:32:51,0.0012355,done REDSVD
19:32:51,0.0179115,S info: rows = 311: cols = 311: size = 96721: nonzeros = 289
19:32:51,2.27e-05,JS
19:32:51,0.0001392,JS.transpose() * q_mat * JS + lambda * S.transpose() * S
19:32:51,0.0040254,S info: rows = 311: cols = 311: size = 96721: nonzeros = 289
19:32:51,2.03e-05,commencing SVD factorization of lambda-scaled JtQJ
19:32:51,1e-05,starting REDSVD
19:32:52,0.320156,retrieving REDSVD components
19:32:52,0.0033678,triming REDSVD components to 185elements
19:32:52,0.0016966,done REDSVD
19:32:52,0.0001819,SVD factorization complete
19:32:52,0.0491076,commencing linear algebra multiplication to compute ugrade
19:32:52,3.09e-05,S info: rows = 311: cols = 311: size = 96721: nonzeros = 289Vt info: rows = 185: cols = 311: size = 57535: nonzeros = 53465
19:32:52,1.21e-05,U info: rows = 311: cols = 185: size = 57535: nonzeros = 53465
19:32:52,1.17e-05,jac info: rows = 178: cols = 311: size = 55358: nonzeros = 3873
19:32:52,0.0004859,linear algebra multiplication to compute ugrade complete
19:32:52,0.0006338,commencing check of parameter bounds
19:32:52,7.66e-05,limiting out of bounds pars
19:32:52,0.0001542,checking for denormal floating point values
19:32:52,3.06e-05,transforming upgrade pars to model pars
19:32:52,3.52e-05,writing upgrade vector to csv file
19:32:52,0.0028429,LinearAnalysis::glm_iter_fosm
19:32:52,2.62e-05,starting FOSM uncertainty analyses for iteration 0
19:32:52,0.0025884,loading obscov
19:32:52,4.85e-05,loading parcov
19:32:52,0.0001193,setting predictions
19:32:52,1.11e-05,set_predictions
19:32:52,5.86e-05,extracting prediction BSFLO_10 from jacobian
19:32:52,0.0009768,Prediction BSFLO_10 has no non-zero entries in jacobian row/
19:32:52,3.64e-05,extracting prediction BSFLO_11 from jacobian
19:32:52,0.0009047,Prediction BSFLO_11 has no non-zero entries in jacobian row/
19:32:52,2.55e-05,extracting prediction BSFLO_12 from jacobian
19:32:52,0.0008733,Prediction BSFLO_12 has no non-zero entries in jacobian row/
19:32:52,2.53e-05,extracting prediction BSFLO_14 from jacobian
19:32:52,0.0008611,Prediction BSFLO_14 has no non-zero entries in jacobian row/
19:32:52,2.63e-05,extracting prediction BSFLO_15 from jacobian
19:32:52,0.0008799,Prediction BSFLO_15 has no non-zero entries in jacobian row/
19:32:52,4.27e-05,extracting prediction BSFLO_17 from jacobian
19:32:52,0.0009202,Prediction BSFLO_17 has no non-zero entries in jacobian row/
19:32:52,2.97e-05,extracting prediction BSFLO_19 from jacobian
19:32:52,0.0008602,Prediction BSFLO_19 has no non-zero entries in jacobian row/
19:32:52,2.56e-05,extracting prediction BSFLO_20 from jacobian
19:32:52,0.0008762,extracting prediction BSFLO_3 from jacobian
19:32:52,0.0008609,Prediction BSFLO_3 has no non-zero entries in jacobian row/
19:32:52,2.56e-05,extracting prediction BSFLO_4 from jacobian
19:32:52,0.0008574,Prediction BSFLO_4 has no non-zero entries in jacobian row/
19:32:52,2.39e-05,extracting prediction BSFLO_7 from jacobian
19:32:52,0.0008405,Prediction BSFLO_7 has no non-zero entries in jacobian row/
19:32:52,2.35e-05,extracting prediction BSFLO_8 from jacobian
19:32:52,0.0008661,Prediction BSFLO_8 has no non-zero entries in jacobian row/
19:32:52,2.54e-05,extracting prediction BSFLO_9 from jacobian
19:32:52,0.0008391,Prediction BSFLO_9 has no non-zero entries in jacobian row/
19:32:52,2.35e-05,extracting prediction GFLO_1 from jacobian
19:32:52,0.0008844,extracting prediction GFLO_10 from jacobian
19:32:52,0.0008556,Prediction GFLO_10 has no non-zero entries in jacobian row/
19:32:52,2.56e-05,extracting prediction GFLO_11 from jacobian
19:32:52,0.0008403,Prediction GFLO_11 has no non-zero entries in jacobian row/
19:32:52,2.32e-05,extracting prediction GFLO_12 from jacobian
19:32:52,0.0008356,Prediction GFLO_12 has no non-zero entries in jacobian row/
19:32:52,2.13e-05,extracting prediction GFLO_13 from jacobian
19:32:52,0.0008425,extracting prediction GFLO_14 from jacobian
19:32:52,0.0008297,Prediction GFLO_14 has no non-zero entries in jacobian row/
19:32:52,2.33e-05,extracting prediction GFLO_15 from jacobian
19:32:52,0.0008413,extracting prediction GFLO_16 from jacobian
19:32:52,0.0008448,extracting prediction GFLO_17 from jacobian
19:32:52,0.0008284,Prediction GFLO_17 has no non-zero entries in jacobian row/
19:32:52,2.01e-05,extracting prediction GFLO_18 from jacobian
19:32:52,0.0008305,extracting prediction GFLO_19 from jacobian
19:32:52,0.0008282,Prediction GFLO_19 has no non-zero entries in jacobian row/
19:32:52,2.59e-05,extracting prediction GFLO_2 from jacobian
19:32:52,0.0008225,extracting prediction GFLO_20 from jacobian
19:32:52,0.0008257,extracting prediction GFLO_3 from jacobian
19:32:52,0.0008271,extracting prediction GFLO_4 from jacobian
19:32:52,0.0008177,Prediction GFLO_4 has no non-zero entries in jacobian row/
19:32:52,2.25e-05,extracting prediction GFLO_5 from jacobian
19:32:52,0.000803,Prediction GFLO_5 has no non-zero entries in jacobian row/
19:32:52,1.97e-05,extracting prediction GFLO_6 from jacobian
19:32:52,0.0007862,Prediction GFLO_6 has no non-zero entries in jacobian row/
19:32:52,1.98e-05,extracting prediction GFLO_7 from jacobian
19:32:52,0.0008314,Prediction GFLO_7 has no non-zero entries in jacobian row/
19:32:52,2.03e-05,extracting prediction GFLO_8 from jacobian
19:32:52,0.0007848,Prediction GFLO_8 has no non-zero entries in jacobian row/
19:32:52,2.21e-05,extracting prediction GFLO_9 from jacobian
19:32:52,0.0008001,Prediction GFLO_9 has no non-zero entries in jacobian row/
19:32:52,2.07e-05,extracting prediction PMPCHG from jacobian
19:32:52,0.0008358,parameter fosm calcs
19:32:52,1.42e-05,LinearAnalysis::calc_posterior
19:32:52,1.35e-05,LinearAnalysis::align
19:32:52,0.0005366,LinearAnalysis::prior_prediction_variance()::invert obscov
19:32:52,1.85e-05,inverting diagonal matrix in place
19:32:52,2.04e-05,LinearAnalysis::calc_posterior() form JtQJ
19:32:52,0.0039353,LinearAnalysis::calc_posterior() invert prior parcov
19:32:52,7.78e-05,LinearAnalysis::calc_posterior() form posterior parcov
19:32:52,0.0019688,LinearAnalysis::calc_posterior() invert posterior parcov
19:32:52,2.06e-05,inverting non-diagonal matrix in place
19:32:52,0.238494,forecast FOSM calcs
19:32:52,0.0004506,LinearAnalysis::prior_prediction_variance
19:32:52,0.0001819,LinearAnalysis::prior_prediction_variance
19:35:12,140.314,completed iteration 1
19:35:12,0.0384082,beginning iteration 2
19:35:12,0.0001329,commencing to build jacobian parameter sets
19:35:12,0.0867691,jacobian parameter sets built, commencing model runs
21:06:58,5505.62,jacobian runs complete, processing runs
21:06:58,0.0353275,processing jacobian runs complete
21:06:58,4.43e-05,saving jacobian and sen files
21:06:58,0.008834,commencing calculation of upgrade vector
21:06:58,0.0018299,forming JtQJ matrix
21:06:58,0.0059559,commencing to scale JtQJ matrix- first SVD...
21:06:58,2.9e-05,starting REDSVD
21:06:58,0.0968146,retrieving REDSVD components
21:06:58,0.0022165,triming REDSVD components to 120elements
21:06:58,0.0015582,done REDSVD
21:06:58,0.0206576,S info: rows = 317: cols = 317: size = 100489: nonzeros = 317
21:06:58,4.52e-05,JS
21:06:58,0.0001849,JS.transpose() * q_mat * JS + lambda * S.transpose() * S
21:06:58,0.0076017,S info: rows = 317: cols = 317: size = 100489: nonzeros = 317
21:06:58,4.08e-05,commencing SVD factorization of lambda-scaled JtQJ
21:06:58,1.17e-05,starting REDSVD
21:06:58,0.107762,retrieving REDSVD components
21:06:58,0.0023331,triming REDSVD components to 117elements
21:06:58,0.0014883,done REDSVD
21:06:58,0.0002052,SVD factorization complete
21:06:58,0.0328634,commencing linear algebra multiplication to compute ugrade
21:06:58,2.98e-05,S info: rows = 317: cols = 317: size = 100489: nonzeros = 317Vt info: rows = 117: cols = 317: size = 37089: nonzeros = 37089
21:06:58,1.28e-05,U info: rows = 317: cols = 117: size = 37089: nonzeros = 37089
21:06:58,1.11e-05,jac info: rows = 178: cols = 317: size = 56426: nonzeros = 5600
21:06:58,0.0005407,linear algebra multiplication to compute ugrade complete
21:06:58,0.0006508,commencing check of parameter bounds and gradients
21:06:58,0.0019486,beginning upgrade vector calculations, lambda = 0.1
21:06:58,0.000152,commencing calculation of upgrade vector
21:06:58,0.002156,forming JtQJ matrix
21:06:58,0.0049682,commencing to scale JtQJ matrix- first SVD...
21:06:58,2.67e-05,starting REDSVD
21:06:58,0.0917714,retrieving REDSVD components
21:06:58,0.0019529,triming REDSVD components to 120elements
21:06:58,0.001591,done REDSVD
21:06:58,0.0196142,S info: rows = 308: cols = 308: size = 94864: nonzeros = 308
21:06:58,5.66e-05,JS
21:06:58,0.0001825,JS.transpose() * q_mat * JS + lambda * S.transpose() * S
21:06:58,0.0077542,S info: rows = 308: cols = 308: size = 94864: nonzeros = 308
21:06:58,5.77e-05,commencing SVD factorization of lambda-scaled JtQJ
21:06:58,1.19e-05,starting REDSVD
21:06:59,0.228837,retrieving REDSVD components
21:06:59,0.0031287,triming REDSVD components to 180elements
21:06:59,0.0018938,done REDSVD
21:06:59,0.0002122,SVD factorization complete
21:06:59,0.047809,commencing linear algebra multiplication to compute ugrade
21:06:59,3.13e-05,S info: rows = 308: cols = 308: size = 94864: nonzeros = 308Vt info: rows = 180: cols = 308: size = 55440: nonzeros = 55440
21:06:59,1.2e-05,U info: rows = 308: cols = 180: size = 55440: nonzeros = 55440
21:06:59,1.14e-05,jac info: rows = 178: cols = 308: size = 54824: nonzeros = 5450
21:06:59,0.0005752,linear algebra multiplication to compute ugrade complete
21:06:59,0.0007092,commencing check of parameter bounds and gradients
21:06:59,0.0001003,commencing calculation of upgrade vector
21:06:59,0.0023144,forming JtQJ matrix
21:06:59,0.0060689,commencing to scale JtQJ matrix- first SVD...
21:06:59,3.54e-05,starting REDSVD
21:06:59,0.0895225,retrieving REDSVD components
21:06:59,0.001545,triming REDSVD components to 116elements
21:06:59,0.0016437,done REDSVD
21:06:59,0.0197794,S info: rows = 307: cols = 307: size = 94249: nonzeros = 307
21:06:59,4.51e-05,JS
21:06:59,0.0002207,JS.transpose() * q_mat * JS + lambda * S.transpose() * S
21:06:59,0.0073425,S info: rows = 307: cols = 307: size = 94249: nonzeros = 307
21:06:59,4.02e-05,commencing SVD factorization of lambda-scaled JtQJ
21:06:59,1.09e-05,starting REDSVD
21:06:59,0.223658,retrieving REDSVD components
21:06:59,0.0028897,triming REDSVD components to 170elements
21:06:59,0.0017889,done REDSVD
21:06:59,0.0001861,SVD factorization complete
21:06:59,0.0446529,commencing linear algebra multiplication to compute ugrade
21:06:59,3.08e-05,S info: rows = 307: cols = 307: size = 94249: nonzeros = 307Vt info: rows = 170: cols = 307: size = 52190: nonzeros = 52190
21:06:59,1.25e-05,U info: rows = 307: cols = 170: size = 52190: nonzeros = 52190
21:06:59,1.1e-05,jac info: rows = 178: cols = 307: size = 54646: nonzeros = 5438
21:06:59,0.0005247,linear algebra multiplication to compute ugrade complete
21:06:59,0.0006661,commencing check of parameter bounds
21:06:59,8.11e-05,limiting out of bounds pars
21:06:59,0.0001629,checking for denormal floating point values
21:06:59,3.08e-05,transforming upgrade pars to model pars
21:06:59,3.58e-05,writing upgrade vector to csv file
21:06:59,0.0021351,beginning upgrade vector calculations, lambda = 1
21:06:59,0.0001658,commencing calculation of upgrade vector
21:06:59,0.0022321,forming JtQJ matrix
21:06:59,0.0054932,commencing to scale JtQJ matrix- first SVD...
21:06:59,2.6e-05,starting REDSVD
21:06:59,0.0928388,retrieving REDSVD components
21:06:59,0.0019785,triming REDSVD components to 120elements
21:06:59,0.0007628,done REDSVD
21:06:59,0.0191961,S info: rows = 308: cols = 308: size = 94864: nonzeros = 308
21:06:59,3.33e-05,JS
21:06:59,0.0001764,JS.transpose() * q_mat * JS + lambda * S.transpose() * S
21:06:59,0.0067443,S info: rows = 308: cols = 308: size = 94864: nonzeros = 308
21:06:59,2.67e-05,commencing SVD factorization of lambda-scaled JtQJ
21:06:59,1.04e-05,starting REDSVD
21:07:00,0.247396,retrieving REDSVD components
21:07:00,0.0029287,triming REDSVD components to 189elements
21:07:00,0.001769,done REDSVD
21:07:00,0.0001628,SVD factorization complete
21:07:00,0.0494575,commencing linear algebra multiplication to compute ugrade
21:07:00,1.98e-05,S info: rows = 308: cols = 308: size = 94864: nonzeros = 308Vt info: rows = 189: cols = 308: size = 58212: nonzeros = 58212
21:07:00,1.2e-05,U info: rows = 308: cols = 189: size = 58212: nonzeros = 58212
21:07:00,1.11e-05,jac info: rows = 178: cols = 308: size = 54824: nonzeros = 5450
21:07:00,0.000478,linear algebra multiplication to compute ugrade complete
21:07:00,0.0005984,commencing check of parameter bounds and gradients
21:07:00,9.24e-05,commencing calculation of upgrade vector
21:07:00,0.0022172,forming JtQJ matrix
21:07:00,0.0057787,commencing to scale JtQJ matrix- first SVD...
21:07:00,2.26e-05,starting REDSVD
21:07:00,0.0913188,retrieving REDSVD components
21:07:00,0.0020113,triming REDSVD components to 122elements
21:07:00,0.0007099,done REDSVD
21:07:00,0.0192597,S info: rows = 306: cols = 306: size = 93636: nonzeros = 306
21:07:00,2.01e-05,JS
21:07:00,0.00018,JS.transpose() * q_mat * JS + lambda * S.transpose() * S
21:07:00,0.0074105,S info: rows = 306: cols = 306: size = 93636: nonzeros = 306
21:07:00,2.2e-05,commencing SVD factorization of lambda-scaled JtQJ
21:07:00,1e-05,starting REDSVD
21:07:00,0.453344,retrieving REDSVD components
21:07:00,0.004027,triming REDSVD components to 181elements
21:07:00,0.0011651,done REDSVD
21:07:00,0.0001989,SVD factorization complete
21:07:00,0.0472825,commencing linear algebra multiplication to compute ugrade
21:07:00,2.95e-05,S info: rows = 306: cols = 306: size = 93636: nonzeros = 306Vt info: rows = 181: cols = 306: size = 55386: nonzeros = 55386
21:07:00,1.23e-05,U info: rows = 306: cols = 181: size = 55386: nonzeros = 55386
21:07:00,1.12e-05,jac info: rows = 178: cols = 306: size = 54468: nonzeros = 5421
21:07:00,0.0005767,linear algebra multiplication to compute ugrade complete
21:07:00,0.0007115,commencing check of parameter bounds
21:07:00,8.12e-05,limiting out of bounds pars
21:07:00,0.000158,checking for denormal floating point values
21:07:00,2.96e-05,transforming upgrade pars to model pars
21:07:00,3.64e-05,writing upgrade vector to csv file
21:07:00,0.002045,beginning upgrade vector calculations, lambda = 10
21:07:00,0.0001641,commencing calculation of upgrade vector
21:07:00,0.0020951,forming JtQJ matrix
21:07:00,0.0056425,commencing to scale JtQJ matrix- first SVD...
21:07:00,2.68e-05,starting REDSVD
21:07:00,0.0923648,retrieving REDSVD components
21:07:00,0.0016034,triming REDSVD components to 120elements
21:07:00,0.0006089,done REDSVD
21:07:00,0.0192143,S info: rows = 308: cols = 308: size = 94864: nonzeros = 308
21:07:00,2.64e-05,JS
21:07:00,0.00018,JS.transpose() * q_mat * JS + lambda * S.transpose() * S
21:07:00,0.0065569,S info: rows = 308: cols = 308: size = 94864: nonzeros = 308
21:07:00,2.75e-05,commencing SVD factorization of lambda-scaled JtQJ
21:07:00,1.05e-05,starting REDSVD
21:07:01,0.276034,retrieving REDSVD components
21:07:01,0.0028846,triming REDSVD components to 189elements
21:07:01,0.001002,done REDSVD
21:07:01,0.0001731,SVD factorization complete
21:07:01,0.0489751,commencing linear algebra multiplication to compute ugrade
21:07:01,1.69e-05,S info: rows = 308: cols = 308: size = 94864: nonzeros = 308Vt info: rows = 189: cols = 308: size = 58212: nonzeros = 58212
21:07:01,1.16e-05,U info: rows = 308: cols = 189: size = 58212: nonzeros = 58212
21:07:01,1.12e-05,jac info: rows = 178: cols = 308: size = 54824: nonzeros = 5450
21:07:01,0.0004303,linear algebra multiplication to compute ugrade complete
21:07:01,0.0005781,commencing check of parameter bounds and gradients
21:07:01,9.17e-05,commencing calculation of upgrade vector
21:07:01,0.0020654,forming JtQJ matrix
21:07:01,0.0056123,commencing to scale JtQJ matrix- first SVD...
21:07:01,2.15e-05,starting REDSVD
21:07:01,0.0908762,retrieving REDSVD components
21:07:01,0.0015654,triming REDSVD components to 122elements
21:07:01,0.0007209,done REDSVD
21:07:01,0.0195375,S info: rows = 306: cols = 306: size = 93636: nonzeros = 306
21:07:01,2.39e-05,JS
21:07:01,0.0001761,JS.transpose() * q_mat * JS + lambda * S.transpose() * S
21:07:01,0.0055897,S info: rows = 306: cols = 306: size = 93636: nonzeros = 306
21:07:01,2.09e-05,commencing SVD factorization of lambda-scaled JtQJ
21:07:01,9.9e-06,starting REDSVD
21:07:01,0.451022,retrieving REDSVD components
21:07:01,0.0037598,triming REDSVD components to 177elements
21:07:01,0.0009826,done REDSVD
21:07:01,0.0003557,SVD factorization complete
21:07:01,0.0463274,commencing linear algebra multiplication to compute ugrade
21:07:01,2.98e-05,S info: rows = 306: cols = 306: size = 93636: nonzeros = 306Vt info: rows = 177: cols = 306: size = 54162: nonzeros = 54162
21:07:01,1.24e-05,U info: rows = 306: cols = 177: size = 54162: nonzeros = 54162
21:07:01,1.11e-05,jac info: rows = 178: cols = 306: size = 54468: nonzeros = 5421
21:07:01,0.0005365,linear algebra multiplication to compute ugrade complete
21:07:01,0.00075,commencing check of parameter bounds
21:07:01,8.34e-05,limiting out of bounds pars
21:07:01,0.0001592,checking for denormal floating point values
21:07:01,3.05e-05,transforming upgrade pars to model pars
21:07:01,3.62e-05,writing upgrade vector to csv file
21:07:01,0.001995,beginning upgrade vector calculations, lambda = 100
21:07:01,0.0001542,commencing calculation of upgrade vector
21:07:01,0.0020422,forming JtQJ matrix
21:07:01,0.0044627,commencing to scale JtQJ matrix- first SVD...
21:07:01,2.52e-05,starting REDSVD
21:07:01,0.0914389,retrieving REDSVD components
21:07:01,0.0016202,triming REDSVD components to 120elements
21:07:01,0.0008977,done REDSVD
21:07:01,0.0192992,S info: rows = 308: cols = 308: size = 94864: nonzeros = 308
21:07:01,3.23e-05,JS
21:07:01,0.0001806,JS.transpose() * q_mat * JS + lambda * S.transpose() * S
21:07:01,0.0061831,S info: rows = 308: cols = 308: size = 94864: nonzeros = 308
21:07:01,3.1e-05,commencing SVD factorization of lambda-scaled JtQJ
21:07:01,1.07e-05,starting REDSVD
21:07:02,0.355338,retrieving REDSVD components
21:07:02,0.0036512,triming REDSVD components to 181elements
21:07:02,0.0012005,done REDSVD
21:07:02,0.0001628,SVD factorization complete
21:07:02,0.0466834,commencing linear algebra multiplication to compute ugrade
21:07:02,1.79e-05,S info: rows = 308: cols = 308: size = 94864: nonzeros = 308Vt info: rows = 181: cols = 308: size = 55748: nonzeros = 55748
21:07:02,1.23e-05,U info: rows = 308: cols = 181: size = 55748: nonzeros = 55748
21:07:02,1.12e-05,jac info: rows = 178: cols = 308: size = 54824: nonzeros = 5450
21:07:02,0.0004496,linear algebra multiplication to compute ugrade complete
21:07:02,0.0006375,commencing check of parameter bounds and gradients
21:07:02,9.34e-05,commencing calculation of upgrade vector
21:07:02,0.0020791,forming JtQJ matrix
21:07:02,0.0056377,commencing to scale JtQJ matrix- first SVD...
21:07:02,2.28e-05,starting REDSVD
21:07:02,0.0912281,retrieving REDSVD components
21:07:02,0.0019415,triming REDSVD components to 122elements
21:07:02,0.0012826,done REDSVD
21:07:02,0.0195044,S info: rows = 306: cols = 306: size = 93636: nonzeros = 306
21:07:02,2.19e-05,JS
21:07:02,0.0001842,JS.transpose() * q_mat * JS + lambda * S.transpose() * S
21:07:02,0.0058136,S info: rows = 306: cols = 306: size = 93636: nonzeros = 306
21:07:02,2.24e-05,commencing SVD factorization of lambda-scaled JtQJ
21:07:02,1.04e-05,starting REDSVD
21:07:02,0.4667,retrieving REDSVD components
21:07:02,0.0039282,triming REDSVD components to 161elements
21:07:02,0.0010246,done REDSVD
21:07:02,0.0003191,SVD factorization complete
21:07:02,0.0462931,commencing linear algebra multiplication to compute ugrade
21:07:02,1.87e-05,S info: rows = 306: cols = 306: size = 93636: nonzeros = 306Vt info: rows = 161: cols = 306: size = 49266: nonzeros = 49266
21:07:02,1.35e-05,U info: rows = 306: cols = 161: size = 49266: nonzeros = 49266
21:07:02,1.27e-05,jac info: rows = 178: cols = 306: size = 54468: nonzeros = 5421
21:07:02,0.0004615,linear algebra multiplication to compute ugrade complete
21:07:02,0.0006723,commencing check of parameter bounds
21:07:02,8.39e-05,limiting out of bounds pars
21:07:02,0.0001701,checking for denormal floating point values
21:07:02,3.46e-05,transforming upgrade pars to model pars
21:07:02,3.91e-05,writing upgrade vector to csv file
21:07:02,0.0021306,beginning upgrade vector calculations, lambda = 1000
21:07:02,0.0001512,commencing calculation of upgrade vector
21:07:02,0.0020782,forming JtQJ matrix
21:07:02,0.0052999,commencing to scale JtQJ matrix- first SVD...
21:07:02,2.77e-05,starting REDSVD
21:07:03,0.090569,retrieving REDSVD components
21:07:03,0.0014982,triming REDSVD components to 120elements
21:07:03,0.0007547,done REDSVD
21:07:03,0.0206923,S info: rows = 308: cols = 308: size = 94864: nonzeros = 308
21:07:03,2.1e-05,JS
21:07:03,0.0001804,JS.transpose() * q_mat * JS + lambda * S.transpose() * S
21:07:03,0.006453,S info: rows = 308: cols = 308: size = 94864: nonzeros = 308
21:07:03,2.16e-05,commencing SVD factorization of lambda-scaled JtQJ
21:07:03,1.02e-05,starting REDSVD
21:07:03,0.454552,retrieving REDSVD components
21:07:03,0.0039543,triming REDSVD components to 175elements
21:07:03,0.0010106,done REDSVD
21:07:03,0.0003948,SVD factorization complete
21:07:03,0.0459966,commencing linear algebra multiplication to compute ugrade
21:07:03,3.29e-05,S info: rows = 308: cols = 308: size = 94864: nonzeros = 308Vt info: rows = 175: cols = 308: size = 53900: nonzeros = 53900
21:07:03,1.23e-05,U info: rows = 308: cols = 175: size = 53900: nonzeros = 53900
21:07:03,1.15e-05,jac info: rows = 178: cols = 308: size = 54824: nonzeros = 5450
21:07:03,0.0005371,linear algebra multiplication to compute ugrade complete
21:07:03,0.0006998,commencing check of parameter bounds and gradients
21:07:03,9.5e-05,commencing calculation of upgrade vector
21:07:03,0.0021319,forming JtQJ matrix
21:07:03,0.0052705,commencing to scale JtQJ matrix- first SVD...
21:07:03,2.94e-05,starting REDSVD
21:07:03,0.0888862,retrieving REDSVD components
21:07:03,0.0016991,triming REDSVD components to 119elements
21:07:03,0.0008899,done REDSVD
21:07:03,0.0191593,S info: rows = 307: cols = 307: size = 94249: nonzeros = 307
21:07:03,3.75e-05,JS
21:07:03,0.0001792,JS.transpose() * q_mat * JS + lambda * S.transpose() * S
21:07:03,0.0066709,S info: rows = 307: cols = 307: size = 94249: nonzeros = 307
21:07:03,3.36e-05,commencing SVD factorization of lambda-scaled JtQJ
21:07:03,1.19e-05,starting REDSVD
21:07:04,0.456226,retrieving REDSVD components
21:07:04,0.003901,triming REDSVD components to 174elements
21:07:04,0.0011495,done REDSVD
21:07:04,0.0001995,SVD factorization complete
21:07:04,0.0451441,commencing linear algebra multiplication to compute ugrade
21:07:04,1.73e-05,S info: rows = 307: cols = 307: size = 94249: nonzeros = 307Vt info: rows = 174: cols = 307: size = 53418: nonzeros = 53418
21:07:04,1.27e-05,U info: rows = 307: cols = 174: size = 53418: nonzeros = 53418
21:07:04,1.08e-05,jac info: rows = 178: cols = 307: size = 54646: nonzeros = 5433
21:07:04,0.000433,linear algebra multiplication to compute ugrade complete
21:07:04,0.0007011,commencing check of parameter bounds
21:07:04,8.89e-05,limiting out of bounds pars
21:07:04,0.0001596,checking for denormal floating point values
21:07:04,3.63e-05,transforming upgrade pars to model pars
21:07:04,3.87e-05,writing upgrade vector to csv file
21:07:04,0.0032705,LinearAnalysis::glm_iter_fosm
21:07:04,2.31e-05,starting FOSM uncertainty analyses for iteration 1
21:07:04,0.0025793,loading obscov
21:07:04,4.59e-05,loading parcov
21:07:04,0.0001133,setting predictions
21:07:04,1.1e-05,set_predictions
