    67    67     1
      4.6991   -0.0292165    -0.039446   0.00598623 -1.24156e-07   0.00748157  -0.00093114 -0.000365479  0.000186634   -0.0440016   -0.0397859   -0.0898182  -0.00231602   -0.0431718   0.00551715 -3.37047e-05 -0.000721372   -0.0824801 -0.000202089   -0.0787178   -0.0258941   -0.0295731   -0.0259677   -0.0427248   -0.0383435   -0.0417162   -0.0365696   -0.0410124   0.00342822   0.00475045    0.0342822  -0.00657812   0.00458506  -0.00254775   0.00287993    -0.131523   -0.0446712   -0.0314016  -0.00350961   -0.0351646   0.00666403 -0.000866301   0.00405786  -0.00522673 -0.000764117 -0.000536268 -0.000258243   0.00967506    -0.108959    -0.120821    -0.011289     -0.11554    -0.119063    -0.118079    -0.104325    -0.108497   -0.0910652    -0.108099   -0.0273067   -0.0226163    -0.028641    -0.030166   -0.0225741   -0.0130277  -0.00128214   1.3102e-05  6.89225e-05
  -0.0292165      4.69705   -0.0383388   0.00274122 -0.000599916   0.00588023   0.00137237 -7.64405e-05  -0.00109901   -0.0432204   -0.0386778   -0.0880821  -0.00226013   -0.0420271   0.00334116  6.55302e-06  -0.00117374   -0.0822758 -2.97938e-05   -0.0770925   -0.0247761   -0.0288223   -0.0248488   -0.0414036   -0.0370172   -0.0405933   -0.0356398   -0.0400422   0.00297223    0.0028305    0.0288803  -0.00311403   0.00147287   -0.0023531   0.00222057    -0.130234   -0.0438188   -0.0303444  -0.00354898   -0.0341092   0.00643301   0.00120273   0.00278989  -0.00869267 -0.000110621 -7.18527e-05 -3.93839e-05   0.00527227    -0.108245    -0.117571   0.00269477    -0.116897    -0.115909    -0.116371    -0.102796    -0.106917   -0.0882698     -0.10426   -0.0267211    -0.020626   -0.0269187   -0.0306654   -0.0205843   -0.0180861  0.000239497   0.00147992  0.000216643
   -0.039446   -0.0383388      3.64671   0.00907461  0.000707766    0.0116686 -0.000624155  0.000508899  -0.00132563   -0.0578173   -0.0583666     -0.11791   0.00208712   -0.0628347   0.00820703 -8.77307e-05   0.00623766     -0.10199 -0.000131285    -0.102936   -0.0417057   -0.0386855   -0.0418027    -0.063883   -0.0498875   -0.0534991   -0.0478387   -0.0537004   0.00434059   0.00727294     0.046259   -0.0110781    0.0110836  -0.00275683   0.00318963    -0.178386   -0.0586439   -0.0408308   -0.0285358   -0.0522774   -0.0294855  -0.00143444   0.00653239  -0.00663098  -0.00051076 -0.000366156 -0.000179361    0.0143205    -0.144011    -0.157904   -0.0220913    -0.151212    -0.173055     -0.15502    -0.137323    -0.142823    -0.136175    -0.142156   -0.0358058   -0.0459745   -0.0366793   -0.0404083   -0.0459189    -0.020048  -0.00282719  0.000161155 -5.30265e-06
  0.00598623   0.00274122   0.00907461      3.38322   0.00639652    -0.325918     0.028613   -0.0109389  -0.00950843    0.0131685   0.00918699     0.026063    0.0226938    0.0103105    -0.220992    0.0012105    -0.102372   -0.0583187 -0.000625492    0.0224161    0.0036867   0.00795011   0.00371047   0.00912081   0.00810183  0.000333949   0.00975405     0.011261    0.0471544   -0.0494749    -0.229712    0.0197623    0.0351403     0.020979    0.0043885    0.0218769     0.012995    0.0063837  -0.00204219   0.00769255  -0.00712493  -0.00580125    -0.189006    -0.295623  -0.00264792  -0.00170842 -0.000799465    -0.423177     0.156765      0.03095    -0.202907     -0.30566    0.0284799  -0.00162842    0.0326674    0.0340127    0.0195325    0.0348282   0.00791255  -0.00266249   0.00313034    0.0136297  -0.00267612     0.148488   -0.0240371  5.38971e-05  -0.00112492
-1.24156e-07 -0.000599916  0.000707766   0.00639652     0.389809    0.0100082   0.00295425 -0.000636803  0.000275698   0.00058477  0.000713168    0.0011425 -0.000690118  0.000776465    0.0044473  -8.6934e-05   0.00132161   0.00272126 -0.000134951  0.000915938  0.000481454   0.00023581  0.000482724  0.000771851  0.000153079  0.000415168  0.000310305  0.000373186  -0.00438729  -0.00445473    0.0624008    0.0113578    0.0698863   0.00397502  -0.00014791   0.00565106  0.000494404    4.165e-05   0.00183074  0.000633893   0.00256337   0.00379352   0.00292596    0.0048879 -0.000393011 -0.000270032 -0.000151091   0.00860065   -0.0067372  0.000961254   -0.0855505   -0.0001039   0.00212823   0.00235218   0.00159592   0.00166799   0.00165715   0.00600664  0.000298422  0.000464155 -0.000432815   0.00103964  0.000463427   -0.0103965    -0.020412  -0.00035581  -0.00012693
  0.00748157   0.00588023    0.0116686    -0.325918    0.0100082      3.12084    -0.221637   -0.0124701  -0.00872853    0.0166416    0.0118055    0.0329793     0.023479    0.0132383     -0.22512   0.00113386    -0.105043   -0.0529119 -0.000866626    0.0283347   0.00487229   0.00996805   0.00490247    0.0117691    0.0102759    0.0027669     0.012258    0.0141436    0.0453701   -0.0545898    -0.200311     0.030344    0.0818335    0.0236342    0.0038753  -0.00987695    0.0163847   0.00801374  -0.00142945   0.00991455  -0.00733653 -0.000188017    -0.113022    -0.282208  -0.00346056    -0.002257  -0.00108181    -0.431026     0.163196    0.0390063    -0.260981    -0.305176    0.0365579   0.00711373    0.0413229    0.0430305    0.0252049    0.0495774   0.00993616  -0.00296719   0.00366798    0.0174119   -0.0029845     0.148057   -0.0379827   0.00191489  -0.00119597
 -0.00093114   0.00137237 -0.000624155     0.028613   0.00295425    -0.221637      3.15173 -0.000637963   0.00166512 -0.000281122 -0.000629533 -0.000689777  -0.00177047 -0.000613632    0.0214026 -0.000232484    0.0112944   0.00985048 -0.000233851 -0.000725721  -0.00081083 -0.000469173 -0.000810787 -0.000801144 -0.000898384  9.68234e-05 -0.000562553 -0.000577155  -0.00697731  0.000357907    0.0571747   0.00974655    0.0417443 -2.39752e-05 -0.000721014  -0.00926307 -0.000407978 -0.000897546  0.000536744 -0.000626574  0.000682561   0.00759444     0.108207    0.0257424  -0.00073247 -0.000505511 -0.000267725    0.0391844   -0.0159164   -0.0019677   -0.0329045    0.0272587   -0.0016915   0.00248029 -0.000314169 -0.000311937  -0.00168435    0.0066589 -0.000294576  -0.00174749  -0.00165364  0.000980137  -0.00174752   -0.0173818   -0.0110888   0.00173674  0.000104178
-0.000365479 -7.64405e-05  0.000508899   -0.0109389 -0.000636803   -0.0124701 -0.000637963      3.10426    0.0853036  0.000557179  0.000501764  0.000700882   0.00310497  0.000587087  -0.00768196  0.000350014  -0.00452148  -0.00189312 -0.000181485  0.000700952  0.000189013  0.000130176    0.0001904  0.000505958  -0.00025355  -0.00283717  0.000161807  0.000261782   0.00125564  -0.00324126  -0.00351328  0.000958369  -0.00919762 -0.000559022 -4.86354e-05  0.000573932  0.000511211  -0.00015888     0.001724  0.000428291   0.00264732  -0.00362072  -0.00567326  -0.00882391 -0.000712763 -0.000491391 -0.000242574   -0.0144331    0.0026716  0.000259962   0.00223159   -0.0118135   0.00160564  0.000250129   0.00168789   0.00176696   0.00110042  -0.00250091  0.000242375 -0.000210751  -0.00102663   0.00147703 -0.000211546   0.00823173   0.00153025 -5.22596e-05  7.38928e-05
 0.000186634  -0.00109901  -0.00132563  -0.00950843  0.000275698  -0.00872853   0.00166512    0.0853036    0.0878734  -0.00143855  -0.00135172  -0.00197634    -0.200708  -0.00144388   -0.0065068   -0.0129087  -0.00120843  -0.00428423 -2.70422e-05  -0.00156679 -0.000909404 -0.000993657 -0.000911761  -0.00144805  -0.00035722    0.0987629  -0.00123078  -0.00137094   0.00141451  -0.00146358  -0.00416963  0.000622459   0.00145521   0.00146243  0.000204901   -0.0065049  -0.00147268  0.000159116 -1.01595e-05  -0.00118861   0.00113018  -0.00013083  -0.00502656  -0.00902847  0.000878996 -7.29944e-05 -3.36717e-05   -0.0124975 -9.61776e-05  -0.00139784  -0.00559695   -0.0120967  -0.00398247  -0.00498781  -0.00336849  -0.00350201  -0.00308369  -0.00339179 -0.000900871 -0.000895856   0.00161868 -0.000854411 -0.000894505  0.000773308 -0.000783802 -2.86107e-05 -1.60262e-05
  -0.0440016   -0.0432204   -0.0578173    0.0131685   0.00058477    0.0166416 -0.000281122  0.000557179  -0.00143855      3.63944   -0.0583226     -0.13285   -0.0040206    -0.063383    0.0112783  5.01775e-06   0.00118089    -0.121674  -1.9362e-05    -0.116265    -0.037344   -0.0434522   -0.0374537    -0.062433   -0.0557897    -0.060874   -0.0537341   -0.0603669   0.00508996   0.00939384    0.0494086     -0.01404    0.0168132  -0.00215319   0.00342605    -0.195112   -0.0660724   -0.0456502  -0.00545736   -0.0514353   0.00958593  -0.00159252   0.00950013  -0.00472165 -0.000112091 -8.49199e-05 -3.76894e-05    0.0199048    -0.162168    -0.177248   -0.0337995    -0.164923    -0.174808    -0.174475    -0.155059    -0.161277    -0.133105    -0.160088   -0.0402909   -0.0310364     -0.04047   -0.0463007   -0.0309735   -0.0244991  -0.00447901  0.000311865 -0.000112368
  -0.0397859   -0.0386778   -0.0583666   0.00918699  0.000713168    0.0118055 -0.000629533  0.000501764  -0.00135172   -0.0583226      3.64554    -0.118942   0.00208908   -0.0633255   0.00830186 -8.94104e-05   0.00624938    -0.102937 -0.000130779    -0.103839   -0.0419928   -0.0390225   -0.0420907   -0.0643655   -0.0503191    -0.053988   -0.0482554   -0.0541688   0.00438023   0.00735018    0.0466488    -0.011201    0.0112332  -0.00277074   0.00321605    -0.179904   -0.0591573   -0.0411837   -0.0285763   -0.0526751   -0.0294074  -0.00145802   0.00661487  -0.00665923 -0.000505891 -0.000365234 -0.000178865    0.0144882    -0.145276    -0.159278   -0.0223829    -0.152484    -0.174408    -0.156376     -0.13853    -0.144078    -0.137204    -0.143411   -0.0361188   -0.0462082   -0.0369898    -0.040772   -0.0461521   -0.0202463  -0.00286571  0.000160746  -6.5831e-06
  -0.0898182   -0.0880821     -0.11791     0.026063    0.0011425    0.0329793 -0.000689777  0.000700882  -0.00197634     -0.13285    -0.118942      3.43386  -0.00805996    -0.129246     0.022433  7.77968e-07   0.00203179    -0.248094 -7.58467e-05     -0.23699   -0.0762399    -0.088598   -0.0764635    -0.127348     -0.11383    -0.124208    -0.109563    -0.123073    0.0104734    0.0188675     0.100355   -0.0281399     0.034527  -0.00463083   0.00701182    -0.397603    -0.134662   -0.0931471   -0.0110684    -0.104909    0.0195979  -0.00322126    0.0187858   -0.0102108 -0.000370348 -0.000267362 -0.000121794     0.039557    -0.330139    -0.361464   -0.0659052     -0.33714    -0.356454    -0.355645    -0.315945    -0.328611    -0.271497    -0.326275    -0.082147   -0.0635804   -0.0827343   -0.0941405   -0.0634523   -0.0489525   -0.0089005  0.000597881 -0.000198663
 -0.00231602  -0.00226013   0.00208712    0.0226938 -0.000690118     0.023479  -0.00177047   0.00310497    -0.200708   -0.0040206   0.00208908  -0.00805996      3.68566   0.00172875    0.0157652 -0.000802731   0.00196668  -0.00718404  7.26285e-05  -0.00726586   0.00499116  -0.00257753   0.00498415   0.00339004   -0.0030426   0.00272288   -0.0031824  -0.00361437  -0.00267375   0.00404987    0.0155424   -0.0023254 -0.000541052  -0.00103781 -0.000222143  -0.00449183  -0.00403695  -0.00249832    0.0199908   0.00249401    0.0331811  0.000277006    0.0137239    0.0197804  0.000356401  0.000203102  9.76179e-05    0.0300774   -0.0178715   -0.0102327   0.00821922    0.0146678   0.00456245  -0.00822952  -0.00973239   -0.0101266   0.00721116   -0.0100153  -0.00245343    0.0137419  -0.00175911  -0.00334322    0.0137459    -0.011285  0.000936425  0.000102402  3.02889e-05
  -0.0431718   -0.0420271   -0.0628347    0.0103105  0.000776465    0.0132383 -0.000613632  0.000587087  -0.00144388    -0.063383   -0.0633255    -0.129246   0.00172875      3.63641    0.0092511 -8.57976e-05   0.00639753    -0.112371 -0.000124475    -0.112852   -0.0448608   -0.0423844   -0.0449672   -0.0691847     -0.05462    -0.058671   -0.0524129   -0.0588424    0.0047844    0.0081486    0.0504167    -0.012412     0.012884  -0.00289285   0.00347488    -0.195052   -0.0642816   -0.0447021   -0.0290003   -0.0566469   -0.0286614  -0.00158081   0.00743799  -0.00695926  -0.00049013 -0.000351994 -0.000172158     0.016164    -0.157856    -0.172985    -0.025467    -0.165074    -0.187926    -0.169904    -0.150578    -0.156609    -0.147479    -0.155823   -0.0392421   -0.0485444   -0.0400754   -0.0444097   -0.0484835   -0.0222715  -0.00329236  0.000196258 -2.13093e-05
  0.00551715   0.00334116   0.00820703    -0.220992    0.0044473     -0.22512    0.0214026  -0.00768196   -0.0065068    0.0112783   0.00830186     0.022433    0.0157652    0.0092511      3.54801   0.00082788   -0.0708281   -0.0361631 -0.000457259    0.0193433   0.00378102    0.0069135   0.00380118   0.00838817   0.00737547    0.0022019   0.00849673   0.00976335    0.0322449   -0.0346893    -0.158832    0.0147964    0.0238221    0.0144805   0.00294103   -0.0128248    0.0111762    0.0058563 -0.000971612   0.00703525  -0.00486603  -0.00366587     -0.13045    -0.166634   -0.0019143  -0.00123949 -0.000582041     -0.29269     0.113549    0.0271618    -0.138843    -0.205795    0.0255427   0.00474317    0.0278025    0.0289434    0.0179464    0.0296869   0.00680316 -0.000860026   0.00334112    0.0111071 -0.000871585     0.103364   -0.0165578 -3.69038e-06 -0.000755085
-3.37047e-05  6.55302e-06 -8.77307e-05    0.0012105  -8.6934e-05   0.00113386 -0.000232484  0.000350014   -0.0129087  5.01775e-06 -8.94104e-05  7.77968e-07 -0.000802731 -8.57976e-05   0.00082788       3.7045  0.000423326  0.000401039 -2.65809e-05 -1.54049e-06 -0.000122414 -8.51509e-06 -0.000122382 -0.000115242 -2.14899e-05  0.000413107 -9.58528e-06 -2.92133e-05 -0.000217037  6.48429e-05   0.00153972 -1.67813e-05  -0.00161388 -0.000156953 -3.36714e-05  0.000138112  3.45587e-06 -0.000229505 -0.000243875 -8.95479e-05 -0.000380083 -0.000214904  0.000769105   0.00115694 -3.60341e-05 -2.34315e-05 -1.17816e-05   0.00160376 -0.000647433 -5.03812e-05   0.00094705   0.00120623 -0.000233705  0.000155687 -3.98526e-05 -3.81094e-05 -0.000244622 -0.000269149 -2.54428e-05 -0.000274881 -9.27663e-05  5.21068e-05   -0.0002749 -0.000321211  0.000295144 -1.40687e-06  1.06706e-05
-0.000721372  -0.00117374   0.00623766    -0.102372   0.00132161    -0.105043    0.0112944  -0.00452148  -0.00120843   0.00118089   0.00624938   0.00203179   0.00196668   0.00639753   -0.0708281  0.000423326      3.66448   -0.0306272 -0.000356797   0.00124231    0.0070245  0.000321661   0.00702732   0.00766998 -0.000574715  -0.00408744   0.00037431  0.000575754    0.0153875   -0.0165222   -0.0712228   0.00839212   0.00645692   0.00584797    0.0016117  -0.00565412   0.00102355 -0.000573881    0.0233888   0.00607314    0.0365351  -0.00169581   -0.0608943   -0.0913163  -0.00142492 -0.000935055 -0.000444236    -0.135356    0.0431572  0.000668265   -0.0579655    -0.106687     0.017422  -0.00863915   0.00351531   0.00367749    0.0163912    0.0036888  0.000565648    0.0137267  -0.00198452    0.0031001    0.0137251    0.0494489  -0.00660174 -0.000111602 -0.000251164
  -0.0824801   -0.0822758     -0.10199   -0.0583187   0.00272126   -0.0529119   0.00985048  -0.00189312  -0.00428423    -0.121674    -0.102937    -0.248094  -0.00718404    -0.112371   -0.0361631  0.000401039   -0.0306272      3.44916 -8.65041e-05    -0.217477   -0.0621688   -0.0811649   -0.0623735    -0.108977    -0.104546    -0.117342    -0.100393    -0.112755    0.0227722   0.00587821    0.0302377   -0.0233463    0.0481425   0.00237845   0.00758775    -0.371404    -0.123367   -0.0856521    0.0128078   -0.0900841    0.0544681  -0.00475105   -0.0307089   -0.0836386 -0.000504864 -0.000308398 -0.000130685   -0.0725382    -0.268915    -0.331429    -0.127566       -0.394    -0.310141    -0.335299    -0.289321    -0.300919    -0.232331    -0.298109   -0.0752331   -0.0419077    -0.076061   -0.0859677   -0.0417903  -0.00852334   -0.0165205  0.000751343 -0.000619528
-0.000202089 -2.97938e-05 -0.000131285 -0.000625492 -0.000134951 -0.000866626 -0.000233851 -0.000181485 -2.70422e-05  -1.9362e-05 -0.000130779 -7.58467e-05  7.26285e-05 -0.000124475 -0.000457259 -2.65809e-05 -0.000356797 -8.65041e-05      3.70458 -9.65902e-05 -0.000198224 -7.97982e-05 -0.000198131 -0.000177145 -0.000203634 -0.000173332 -9.76852e-05 -9.60266e-05 -3.92448e-05 -0.000454861  0.000878352  0.000835375  -0.00318497  -0.00028338  3.88076e-05  2.38327e-06 -3.96849e-05 -0.000227634  3.51139e-05 -0.000136635  4.30571e-05  1.52344e-05  -0.00052625 -0.000401874 -0.000185162  -0.00013114 -6.42152e-05 -0.000805532 -3.20103e-05 -0.000366237   0.00244168  -0.00126317 -0.000342516 -0.000118238  4.25181e-05  4.76729e-05 -0.000371616 -0.000101024 -3.48447e-05 -0.000463442 -0.000384804  0.000281548 -0.000463496  0.000865577  0.000564239 -4.90696e-05  3.75378e-05
  -0.0787178   -0.0770925    -0.102936    0.0224161  0.000915938    0.0283347 -0.000725721  0.000700952  -0.00156679    -0.116265    -0.103839     -0.23699  -0.00726586    -0.112852    0.0193433 -1.54049e-06   0.00124231    -0.217477 -9.65902e-05      3.49716   -0.0664216   -0.0775764   -0.0666173    -0.111134   -0.0997291     -0.10885   -0.0959334    -0.107751   0.00916087    0.0162604    0.0878642   -0.0241358    0.0291586  -0.00421896   0.00615998    -0.347661    -0.117863   -0.0816134  -0.00850039   -0.0915625     0.019125  -0.00277174     0.016103  -0.00917698 -0.000433762 -0.000471306 -0.000143374    0.0341079    -0.288848    -0.316527   -0.0558499    -0.295749    -0.311253    -0.311287    -0.276447    -0.287528    -0.236925    -0.285536   -0.0719077   -0.0550334   -0.0726183   -0.0822143   -0.0549212   -0.0422933  -0.00751703  0.000492067 -0.000150881
  -0.0258941   -0.0247761   -0.0417057    0.0036867  0.000481454   0.00487229  -0.00081083  0.000189013 -0.000909404    -0.037344   -0.0419928   -0.0762399   0.00499116   -0.0448608   0.00378102 -0.000122414    0.0070245   -0.0621688 -0.000198224   -0.0664216      4.69698   -0.0251333   -0.0325848   -0.0467772   -0.0326281   -0.0343679   -0.0310788   -0.0348445   0.00265485   0.00367084    0.0318506  -0.00561389   0.00269434  -0.00254499    0.0021906    -0.118551    -0.037922   -0.0267169   -0.0334067   -0.0380791   -0.0430687 -0.000884487   0.00256921  -0.00617756 -0.000736782 -0.000524134  -0.00025889   0.00646108   -0.0931123    -0.102682  -0.00704819    -0.101821    -0.123416    -0.100359   -0.0884915   -0.0920282   -0.0996958   -0.0919242   -0.0231901   -0.0417367   -0.0244751   -0.0254501    -0.041701   -0.0112311 -0.000684303 -1.00334e-05  8.70507e-05
  -0.0295731   -0.0288223   -0.0386855   0.00795011   0.00023581   0.00996805 -0.000469173  0.000130176 -0.000993657   -0.0434522   -0.0390225    -0.088598  -0.00257753   -0.0423844    0.0069135 -8.51509e-06  0.000321661   -0.0811649 -7.97982e-05   -0.0775764   -0.0251333      4.70046   -0.0252063   -0.0418196   -0.0374267   -0.0407759   -0.0359224   -0.0403315   0.00321137   0.00563615    0.0331242  -0.00827362   0.00834819  -0.00180875   0.00234477    -0.129965   -0.0440664   -0.0306335   -0.0035889   -0.0344409   0.00644058 -0.000989792   0.00561874  -0.00368611 -0.000313506 -0.000226071 -0.000107515    0.0122008    -0.108362    -0.118549   -0.0185457    -0.111842    -0.116893    -0.116383    -0.103224     -0.10736   -0.0891497    -0.106717   -0.0268843    -0.021274   -0.0274429   -0.0304781   -0.0212322   -0.0155738  -0.00231554  0.000140606 -2.40944e-05
  -0.0259677   -0.0248488   -0.0418027   0.00371047  0.000482724   0.00490247 -0.000810787    0.0001904 -0.000911761   -0.0374537   -0.0420907   -0.0764635   0.00498415   -0.0449672   0.00380118 -0.000122382   0.00702732   -0.0623735 -0.000198131   -0.0666173   -0.0325848   -0.0252063      4.69686   -0.0468818   -0.0327215     -0.03447   -0.0311691   -0.0349459   0.00266353   0.00368774    0.0319325  -0.00563957   0.00272882  -0.00254793   0.00219627    -0.118879   -0.0380332   -0.0267934   -0.0334157   -0.0381653   -0.0430523 -0.000887336   0.00258658  -0.00618445 -0.000736527 -0.000523962 -0.000258799   0.00649666   -0.0933854     -0.10298  -0.00711188    -0.102095    -0.123709    -0.100652   -0.0887529      -0.0923    -0.099919   -0.0921938   -0.0232579   -0.0417877   -0.0245424   -0.0255288   -0.0417519   -0.0112744 -0.000693109 -9.38373e-06  8.67681e-05
  -0.0427248   -0.0414036    -0.063883   0.00912081  0.000771851    0.0117691 -0.000801144  0.000505958  -0.00144805    -0.062433   -0.0643655    -0.127348   0.00339004   -0.0691847   0.00838817 -0.000115242   0.00766998    -0.108977 -0.000177145    -0.111134   -0.0467772   -0.0418196   -0.0468818       4.6588   -0.0539967   -0.0577118   -0.0517139   -0.0580373   0.00464072   0.00753332    0.0505671   -0.0114817    0.0105759  -0.00321532   0.00348495    -0.193666   -0.0633394   -0.0441979   -0.0354849   -0.0577962   -0.0393327  -0.00153585   0.00653924  -0.00775129 -0.000678445 -0.000485102 -0.000238295     0.014594    -0.155537    -0.170725   -0.0216028    -0.164579    -0.190501    -0.167468    -0.148222    -0.154156    -0.150709    -0.153538    -0.038684   -0.0534007   -0.0398521   -0.0434316   -0.0533407   -0.0211127  -0.00269676  0.000138425  2.24938e-05
  -0.0383435   -0.0370172   -0.0498875   0.00810183  0.000153079    0.0102759 -0.000898384  -0.00025355  -0.00035722   -0.0557897   -0.0503191     -0.11383   -0.0030426     -0.05462   0.00737547 -2.14899e-05 -0.000574715    -0.104546 -0.000203634   -0.0997291   -0.0326281   -0.0374267   -0.0327215   -0.0539967       3.6562    -0.052719    -0.046282   -0.0519245   0.00504066    0.0067451    0.0447211  -0.00925051   0.00852303  -0.00296551    0.0030636    -0.166837   -0.0566178   -0.0396584  -0.00450081   -0.0444517   0.00839181  -0.00108276   0.00563152  -0.00634041 -0.000767033 -0.000545415 -0.000262458     0.012923    -0.136549    -0.152832   -0.0176503    -0.144831    -0.150637    -0.149659    -0.132338    -0.137634    -0.115097     -0.13701   -0.0345611   -0.0281861   -0.0359424   -0.0385508   -0.0281326   -0.0156478  -0.00227228  7.92975e-05  4.89111e-05
  -0.0417162   -0.0405933   -0.0534991  0.000333949  0.000415168    0.0027669  9.68234e-05  -0.00283717    0.0987629    -0.060874    -0.053988    -0.124208   0.00272288    -0.058671    0.0022019  0.000413107  -0.00408744    -0.117342 -0.000173332     -0.10885   -0.0343679   -0.0407759     -0.03447   -0.0577118    -0.052719      3.64372   -0.0504262   -0.0565901    0.0062566   0.00610744    0.0396778   -0.0103512    0.0117762   -0.0021273   0.00347986    -0.182776   -0.0617624   -0.0431801   -0.0019822   -0.0475611    0.0140516  -0.00147198   0.00130043   -0.0147607 -0.000704702 -0.000502125 -0.000224919   0.00282234    -0.147131    -0.166577   -0.0302667     -0.16821    -0.161842    -0.164297    -0.144491    -0.150276    -0.123021    -0.149376   -0.0376894   -0.0280707   -0.0389836    -0.042326   -0.0280122   -0.0158041  -0.00373303  0.000133724 -3.83784e-05
  -0.0365696   -0.0356398   -0.0478387   0.00975405  0.000310305     0.012258 -0.000562553  0.000161807  -0.00123078   -0.0537341   -0.0482554    -0.109563   -0.0031824   -0.0524129   0.00849673 -9.58528e-06   0.00037431    -0.100393 -9.76852e-05   -0.0959334   -0.0310788   -0.0359224   -0.0311691   -0.0517139    -0.046282   -0.0504262      3.66021   -0.0498745    0.0039956   0.00699107    0.0405148   -0.0103088    0.0114617  -0.00225105   0.00289859    -0.160729   -0.0544934   -0.0378814  -0.00443829   -0.0425896   0.00796569  -0.00124163   0.00691305  -0.00463196 -0.000386121 -0.000278543 -0.000131916    0.0149856    -0.133955      -0.1466   -0.0223945    -0.138357    -0.144551    -0.143931    -0.127651    -0.132765    -0.110242    -0.131991   -0.0332452   -0.0263036   -0.0339342   -0.0376912   -0.0262518   -0.0191933  -0.00293923   0.00017425 -2.87053e-05
  -0.0410124   -0.0400422   -0.0537004     0.011261  0.000373186    0.0141436 -0.000577155  0.000261782  -0.00137094   -0.0603669   -0.0541688    -0.123073  -0.00361437   -0.0588424   0.00976335 -2.92133e-05  0.000575754    -0.112755 -9.60266e-05    -0.107751   -0.0348445   -0.0403315   -0.0349459   -0.0580373   -0.0519245   -0.0565901   -0.0498745      4.67349   0.00450649   0.00800877     0.045739   -0.0119065    0.0129728  -0.00241253   0.00323229    -0.180596   -0.0612118   -0.0425652  -0.00500245   -0.0478007    0.0089336  -0.00149351   0.00803892  -0.00498024 -0.000364355 -0.000230836 -0.000124596    0.0172276    -0.150539    -0.164577   -0.0267097     -0.15486    -0.162284    -0.161665     -0.14346    -0.149208    -0.123724     -0.14836   -0.0373409   -0.0293794   -0.0380011   -0.0424561   -0.0293212   -0.0218444  -0.00344157  0.000218679 -4.84978e-05
  0.00342822   0.00297223   0.00434059    0.0471544  -0.00438729    0.0453701  -0.00697731   0.00125564   0.00141451   0.00508996   0.00438023    0.0104734  -0.00267375    0.0047844    0.0322449 -0.000217037    0.0153875    0.0227722 -3.92448e-05   0.00916087   0.00265485   0.00321137   0.00266353   0.00464072   0.00504066    0.0062566    0.0039956   0.00450649       3.6164   -0.0333876    -0.180669    0.0185831   -0.0721127    0.0049681    0.0029154     0.021562   0.00509715   0.00425664 -0.000218653   0.00383545  -0.00179636  -0.00520137    0.0269277    0.0450234 -3.07665e-05  -0.00023133 -5.25806e-05    0.0621351    -0.190366    0.0139093    0.0320539    -0.120444    0.0131949    0.0192403    0.0122063    0.0126983   0.00990304    0.0129881   0.00314518   0.00181479   0.00250511   0.00404935   0.00180981    -0.221619    0.0169922 -4.66193e-05 -9.00227e-05
  0.00475045    0.0028305   0.00727294   -0.0494749  -0.00445473   -0.0545898  0.000357907  -0.00324126  -0.00146358   0.00939384   0.00735018    0.0188675   0.00404987    0.0081486   -0.0346893  6.48429e-05   -0.0165222   0.00587821 -0.000454861    0.0162604   0.00367084   0.00563615   0.00368774   0.00753332    0.0067451   0.00610744   0.00699107   0.00800877   -0.0333876     0.614539    -0.113241    -0.127087   -0.0656816 -0.000185174   0.00641501    0.0212741    0.0104731   0.00542332  0.000801371   0.00629053  -0.00171649   0.00244914   -0.0332561   -0.0408051  -0.00154787  -0.00114205 -0.000549379   -0.0656648    -0.053427    0.0229317     0.113466    -0.127809    0.0224819    0.0196548    0.0232056    0.0241622    0.0161141    0.0307829    0.0056264  0.000347043   0.00252331   0.00935779  0.000337353   -0.0769378    0.0189619  -0.00054192 -0.000690383
   0.0342822    0.0288803     0.046259    -0.229712    0.0624008    -0.200311    0.0571747  -0.00351328  -0.00416963    0.0494086    0.0466488     0.100355    0.0155424    0.0504167    -0.158832   0.00153972   -0.0712228    0.0302377  0.000878352    0.0878642    0.0318506    0.0331242    0.0319325    0.0505671    0.0447211    0.0396778    0.0405148     0.045739    -0.180669    -0.113241      1.99427    -0.037749     0.881688   -0.0814892   0.00648055     0.129492     0.049967    0.0371927    0.0101947    0.0414978   0.00346162    -0.036255    -0.117108    -0.207181   0.00129733  0.000379861  0.000808186    -0.304993    -0.330018     0.135575    -0.960598    -0.611063     0.138916     0.106621     0.116919     0.121559     0.107818    0.0972124     0.031177    0.0316643    0.0312163    0.0351425    0.0316174    -0.452593    -0.241987  2.81555e-05  0.000268136
 -0.00657812  -0.00311403   -0.0110781    0.0197623    0.0113578     0.030344   0.00974655  0.000958369  0.000622459     -0.01404    -0.011201   -0.0281399   -0.0023254    -0.012412    0.0147964 -1.67813e-05   0.00839212   -0.0233463  0.000835375   -0.0241358  -0.00561389  -0.00827362  -0.00563957   -0.0114817  -0.00925051   -0.0103512   -0.0103088   -0.0119065    0.0185831    -0.127087    -0.037749     0.328095     0.113091    0.0144692  -0.00479642   -0.0378297    -0.014294  -0.00807054  -0.00234336  -0.00958565 -0.000441963    0.0212752   0.00652155   0.00837436   0.00287492   0.00215686   0.00104878    0.0265534    0.0225366   -0.0333957     -0.26802    0.0230547   -0.0342336   -0.0356855   -0.0351297   -0.0365828   -0.0245694    -0.016455  -0.00828502 -0.000606526  -0.00314664   -0.0146272 -0.000591805    0.0216882   -0.0374896  -0.00138968   0.00123429
  0.00458506   0.00147287    0.0110836    0.0351403    0.0698863    0.0818335    0.0417443  -0.00919762   0.00145521    0.0168132    0.0112332     0.034527 -0.000541052     0.012884    0.0238221  -0.00161388   0.00645692    0.0481425  -0.00318497    0.0291586   0.00269434   0.00834819   0.00272882    0.0105759   0.00852303    0.0117762    0.0114617    0.0129728   -0.0721127   -0.0656816     0.881688     0.113091     0.970546    0.0915771  -0.00287181    0.0908545     0.015516   0.00688962   0.00306208   0.00907921  -0.00181828    0.0313829    0.0194512     0.024903  -0.00708362  -0.00488582  -0.00338798    0.0483436      -0.1167     0.035965     -1.08316   -0.0685341    0.0356527    0.0499793     0.044165    0.0461165    0.0226983    0.0817264    0.0084711  -0.00951763  -0.00259101    0.0206986  -0.00953742     -0.16368    -0.258666    0.0012705  -0.00150005
 -0.00254775   -0.0023531  -0.00275683     0.020979   0.00397502    0.0236342 -2.39752e-05 -0.000559022   0.00146243  -0.00215319  -0.00277074  -0.00463083  -0.00103781  -0.00289285    0.0144805 -0.000156953   0.00584797   0.00237845  -0.00028338  -0.00421896  -0.00254499  -0.00180875  -0.00254793  -0.00321532  -0.00296551   -0.0021273  -0.00225105  -0.00241253    0.0049681 -0.000185174   -0.0814892    0.0144692    0.0915771      3.66622  -0.00105169  -0.00085896  -0.00231404  -0.00251435 -0.000559425  -0.00258623 -0.000438094   0.00241908    0.0120692    0.0183852  -0.00106981  -0.00074249 -0.000353324    0.0280415   0.00730139  -0.00770566  -0.00192314    0.0345661   -0.0079684  -0.00332068  -0.00458141  -0.00474799   -0.0068188  -0.00335203   -0.0014631  -0.00412804  -0.00339366  0.000227821  -0.00412636    0.0173574   -0.0147056 -7.01707e-05 -2.74856e-05
  0.00287993   0.00222057   0.00318963    0.0043885  -0.00014791    0.0038753 -0.000721014 -4.86354e-05  0.000204901   0.00342605   0.00321605   0.00701182 -0.000222143   0.00347488   0.00294103 -3.36714e-05    0.0016117   0.00758775  3.88076e-05   0.00615998    0.0021906   0.00234477   0.00219627   0.00348495    0.0030636   0.00347986   0.00289859   0.00323229    0.0029154   0.00641501   0.00648055  -0.00479642  -0.00287181  -0.00105169    0.0149056    0.0110925   0.00348086   0.00243467   0.00059871   0.00286036 -0.000143902   0.00315465  0.000847068   0.00462062  0.000161615  0.000133878  5.58707e-05   0.00565907    0.0190236   0.00957854    0.0215863    -0.191154   0.00958109   0.00975764   0.00804917   0.00837004   0.00742437    0.0112995   0.00213662    0.0021641   0.00243634   0.00216778   0.00216086   0.00844098    0.0020144 -0.000785391  6.49135e-05
   -0.131523    -0.130234    -0.178386    0.0218769   0.00565106  -0.00987695  -0.00926307  0.000573932   -0.0065049    -0.195112    -0.179904    -0.397603  -0.00449183    -0.195052   -0.0128248  0.000138112  -0.00565412    -0.371404  2.38327e-06    -0.347661    -0.118551    -0.129965    -0.118879    -0.193666    -0.166837    -0.182776    -0.160729    -0.180596     0.021562    0.0212741     0.129492   -0.0378297    0.0908545  -0.00085896    0.0110925      2.48904    -0.197774    -0.136621   -0.0366073    -0.159278  -0.00389027  -0.00195081    0.0211564      0.23231  -0.00014254 -8.21444e-05  -3.7684e-05  -0.00205572    -0.466927    -0.530205    -0.169601    -0.544531    -0.537741    -0.527629    -0.464219    -0.482838    -0.412888    -0.474258    -0.120552    -0.107302    -0.120747     -0.13887    -0.107114   -0.0583405   -0.0260818   0.00113184 -0.000691842
  -0.0446712   -0.0438188   -0.0586439     0.012995  0.000494404    0.0163847 -0.000407978  0.000511211  -0.00147268   -0.0660724   -0.0591573    -0.134662  -0.00403695   -0.0642816    0.0111762  3.45587e-06   0.00102355    -0.123367 -3.96849e-05    -0.117863    -0.037922   -0.0440664   -0.0380332   -0.0633394   -0.0566178   -0.0617624   -0.0544934   -0.0612118   0.00509715    0.0104731     0.049967    -0.014294     0.015516  -0.00231404   0.00348086    -0.197774       4.6625   -0.0463251  -0.00552165   -0.0521784   0.00973193  -0.00180865   0.00943914  -0.00501452 -0.000186262  -0.00013847 -6.33581e-05    0.0197159    -0.164619     -0.17977   -0.0328895     -0.16788    -0.177286    -0.176874    -0.157117    -0.163416    -0.135035     -0.16248   -0.0408449   -0.0316332   -0.0411586   -0.0468109   -0.0315695   -0.0245674  -0.00420864  0.000315328 -0.000101611
  -0.0314016   -0.0303444   -0.0408308    0.0063837    4.165e-05   0.00801374 -0.000897546  -0.00015888  0.000159116   -0.0456502   -0.0411837   -0.0931471  -0.00249832   -0.0447021    0.0058563 -0.000229505 -0.000573881   -0.0856521 -0.000227634   -0.0816134   -0.0267169   -0.0306335   -0.0267934   -0.0441979   -0.0396584   -0.0431801   -0.0378814   -0.0425652   0.00425664   0.00542332    0.0371927  -0.00807054   0.00688962  -0.00251435   0.00243467    -0.136621   -0.0463251      4.69635  -0.00368421   -0.0363841   0.00689442  -0.00173914   0.00477731  -0.00530539 -0.000654104 -0.000468042 -0.000223743    0.0102485    -0.111847    -0.125101    -0.014421    -0.118431    -0.123285    -0.122488    -0.108417     -0.11275   -0.0942092    -0.113038   -0.0282829   -0.0231113   -0.0296054   -0.0315036   -0.0230675   -0.0119436  -0.00177247  9.15118e-05  4.01887e-05
 -0.00350961  -0.00354898   -0.0285358  -0.00204219   0.00183074  -0.00142945  0.000536744     0.001724 -1.01595e-05  -0.00545736   -0.0285763   -0.0110684    0.0199908   -0.0290003 -0.000971612 -0.000243875    0.0233888    0.0128078  3.51139e-05  -0.00850039   -0.0334067   -0.0035889   -0.0334157   -0.0354849  -0.00450081   -0.0019822  -0.00443829  -0.00500245 -0.000218653  0.000801371    0.0101947  -0.00234336   0.00306208 -0.000559425   0.00059871   -0.0366073  -0.00552165  -0.00368421     0.172891   -0.0280056  -0.00536732   0.00043305  -0.00131506  -0.00508633  0.000152474  8.38391e-05  9.26612e-05   -0.0022569   -0.0145816   -0.0145362  -0.00117548    -0.020868   -0.0790918   -0.0149561    -0.013056   -0.0135816   -0.0756302   -0.0126876   -0.0033543   -0.0672008  -0.00307462  -0.00409771   -0.0671956  -0.00471444 -0.000369317 -8.39755e-05 -4.85239e-06
  -0.0351646   -0.0341092   -0.0522774   0.00769255  0.000633893   0.00991455 -0.000626574  0.000428291  -0.00118861   -0.0514353   -0.0526751    -0.104909   0.00249401   -0.0566469   0.00703525 -8.95479e-05   0.00607314   -0.0900841 -0.000136635   -0.0915625   -0.0380791   -0.0344409   -0.0381653   -0.0577962   -0.0444517   -0.0475611   -0.0425896   -0.0478007   0.00383545   0.00629053    0.0414978  -0.00958565   0.00907921  -0.00258623   0.00286036    -0.159278   -0.0521784   -0.0363841   -0.0280056      3.65737   -0.0304332  -0.00126875    0.0055227  -0.00623045 -0.000525555 -0.000376053 -0.000184584     0.012252    -0.128131    -0.140595   -0.0183897    -0.135248    -0.155989    -0.137949    -0.122129    -0.127019    -0.123198    -0.126483   -0.0318645   -0.0430061   -0.0327677   -0.0358343   -0.0429567   -0.0175345  -0.00231539  0.000123403  1.11091e-05
  0.00666403   0.00643301   -0.0294855  -0.00712493   0.00256337  -0.00733653  0.000682561   0.00264732   0.00113018   0.00958593   -0.0294074    0.0195979    0.0331811   -0.0286614  -0.00486603 -0.000380083    0.0365351    0.0544681  4.30571e-05     0.019125   -0.0430687   0.00644058   -0.0430523   -0.0393327   0.00839181    0.0140516   0.00796569    0.0089336  -0.00179636  -0.00171649   0.00346162 -0.000441963  -0.00181828 -0.000438094 -0.000143902  -0.00389027   0.00973193   0.00689442  -0.00536732   -0.0304332    0.0180752 -0.000290723  -0.00434143  -0.00677707  0.000194477  0.000114539  5.24657e-05  -0.00941784    0.0211302    0.0264016    0.0068725    0.0127455   -0.0776219    0.0250785    0.0227276    0.0236365   -0.0838179    0.0231472   0.00594518   -0.0990594   0.00631676   0.00656903   -0.0990689  1.72815e-05  0.000964835 -7.47101e-05  2.32278e-05
-0.000866301   0.00120273  -0.00143444  -0.00580125   0.00379352 -0.000188017   0.00759444  -0.00362072  -0.00013083  -0.00159252  -0.00145802  -0.00322126  0.000277006  -0.00158081  -0.00366587 -0.000214904  -0.00169581  -0.00475105  1.52344e-05  -0.00277174 -0.000884487 -0.000989792 -0.000887336  -0.00153585  -0.00108276  -0.00147198  -0.00124163  -0.00149351  -0.00520137   0.00244914    -0.036255    0.0212752    0.0313829   0.00241908   0.00315465  -0.00195081  -0.00180865  -0.00173914   0.00043305  -0.00126875 -0.000290723     0.192873   -0.0163566  -0.00940603  0.000225228  0.000302356  8.95863e-05  -0.00747129    -0.096108  -0.00397162    0.0172867   -0.0209483   -0.0043571  -0.00495035  -0.00409255  -0.00425371  -0.00327957    0.0332612 -0.000935437 -0.000624463 -0.000805569  -0.00140773  -0.00062283   -0.0201889  -0.00524186 -0.000984276  0.000145191
  0.00405786   0.00278989   0.00653239    -0.189006   0.00292596    -0.113022     0.108207  -0.00567326  -0.00502656   0.00950013   0.00661487    0.0187858    0.0137239   0.00743799     -0.13045  0.000769105   -0.0608943   -0.0307089  -0.00052625     0.016103   0.00256921   0.00561874   0.00258658   0.00653924   0.00563152   0.00130043   0.00691305   0.00803892    0.0269277   -0.0332561    -0.117108   0.00652155    0.0194512    0.0120692  0.000847068    0.0211564   0.00943914   0.00477731  -0.00131506    0.0055227  -0.00434143   -0.0163566      2.09535    -0.179542  -0.00218847  -0.00150668 -0.000692022    -0.250297     0.084041    0.0219076    -0.146517    -0.175519     0.020542     0.003666    0.0237852     0.024768    0.0140126    0.0108971   0.00563921  -0.00220994   0.00178991    0.0102546  -0.00221991    0.0923572   -0.0159666   0.00222851 -0.000751036
 -0.00522673  -0.00869267  -0.00663098    -0.295623    0.0048879    -0.282208    0.0257424  -0.00882391  -0.00902847  -0.00472165  -0.00665923   -0.0102108    0.0197804  -0.00695926    -0.166634   0.00115694   -0.0913163   -0.0836386 -0.000401874  -0.00917698  -0.00617756  -0.00368611  -0.00618445  -0.00775129  -0.00634041   -0.0147607  -0.00463196  -0.00498024    0.0450234   -0.0408051    -0.207181   0.00837436     0.024903    0.0183852   0.00462062      0.23231  -0.00501452  -0.00530539  -0.00508633  -0.00623045  -0.00677707  -0.00940603    -0.179542      3.00506  -0.00185205  -0.00117591 -0.000533856    -0.378148     0.100587    -0.016263    -0.185181    -0.316077   -0.0191394   -0.0460464   -0.0103066   -0.0106979   -0.0164648    -0.013199  -0.00305251   -0.0101235  -0.00635157  -0.00040639   -0.0101196     0.128927   -0.0197207  0.000171366  -0.00114083
-0.000764117 -0.000110621  -0.00051076  -0.00264792 -0.000393011  -0.00346056  -0.00073247 -0.000712763  0.000878996 -0.000112091 -0.000505891 -0.000370348  0.000356401  -0.00049013   -0.0019143 -3.60341e-05  -0.00142492 -0.000504864 -0.000185162 -0.000433762 -0.000736782 -0.000313506 -0.000736527 -0.000678445 -0.000767033 -0.000704702 -0.000386121 -0.000364355 -3.07665e-05  -0.00154787   0.00129733   0.00287492  -0.00708362  -0.00106981  0.000161615  -0.00014254 -0.000186262 -0.000654104  0.000152474 -0.000525555  0.000194477  0.000225228  -0.00218847  -0.00185205      3.70396  -0.00046826 -0.000227978  -0.00342129  0.000133892  -0.00145442    0.0109601  -0.00503059  -0.00134905 -0.000586266  6.73539e-05  8.15619e-05  -0.00142463 -0.000295034 -0.000172426  -0.00168383  -0.00136471  0.000981385  -0.00168398    0.0032924   0.00172453 -0.000185351  0.000141146
