    28    28     1
     2.09431     0.053091   0.00174889    0.0015571 -0.000383454   0.00463028 -0.000681946   0.00200848  1.02154e-05  -0.00184465   0.00333006    -0.059982   0.00198724   0.00202708  -0.00456931     0.002634   -0.0387288   -0.0396067    0.0128189   -0.0706526   3.7953e-05   0.00195133  6.91023e-07  9.68194e-06   -0.0326228   0.00614314 -5.60825e-06 -1.44022e-05
    0.053091       3.0792 -0.000659996  5.69099e-06     0.001595   -0.0457848  -2.9352e-06 -6.28536e-05 -3.02675e-05    -0.106965   -0.0116024    0.0766174  1.04184e-05 -0.000128699    0.0267994   -0.0226987   -0.0454639   -0.0413568    0.0639885    0.0167076 -0.000133119 -9.62533e-05 -8.79431e-06 -6.43365e-05      0.11094   -0.0456207  1.89115e-05  1.96115e-05
  0.00174889 -0.000659996      3.69994 -2.45617e-06 -3.70012e-05  0.000142716 -5.93844e-06 -4.47597e-07  1.16157e-05  2.23312e-05    -0.077275  -0.00247995 -3.18277e-06   1.9349e-06 -6.81122e-05  6.18441e-05   0.00106523  0.000940436  -0.00231434  -0.00026898   4.8871e-06  9.10653e-07 -1.75398e-07  4.27233e-07  -0.00339318  0.000134632 -7.27657e-07  -2.7106e-06
   0.0015571  5.69099e-06 -2.45617e-06      3.70459  2.82768e-05 -5.72705e-05   4.1778e-06 -7.77847e-05 -4.42214e-05 -1.95379e-05 -2.82905e-05 -6.61023e-05 -2.94689e-05 -0.000120402  6.04705e-05   5.6608e-06 -5.33358e-05 -2.89089e-05  1.79913e-05 -4.05565e-05 -8.55047e-05 -9.88714e-05 -3.83369e-07  0.000157672 -5.00841e-05  2.00885e-05  1.22613e-05 -4.85316e-06
-0.000383454     0.001595 -3.70012e-05  2.82768e-05      3.70439  0.000799074 -1.40244e-05  0.000107942  2.58253e-05 -2.52079e-05 -0.000533657    0.0041763  3.58127e-05  0.000171117 -0.000518208  0.000365719  -0.00162413  -0.00145403   0.00419732  7.76839e-05  0.000126652  0.000139014  9.30106e-07  1.61345e-05   0.00567508  0.000678624 -1.91659e-05  9.85159e-06
  0.00463028   -0.0457848  0.000142716 -5.72705e-05  0.000799074      3.60477  2.54853e-05 -0.000200167 -0.000185067   0.00158611   0.00215709    -0.022455 -6.40881e-05 -0.000319623    0.0584384   -0.0497236   -0.0119539    -0.012501   -0.0483966    0.0267028 -0.000238903 -0.000258766 -2.49332e-05 -0.000116568   -0.0218466   -0.0996374  3.56212e-05 -3.44753e-05
-0.000681946  -2.9352e-06 -5.93844e-06   4.1778e-06 -1.40244e-05  2.54853e-05      3.70461  2.96384e-05  2.27763e-05  9.72292e-06  1.46281e-05  2.82349e-05  5.32455e-06  5.09126e-05  -2.0167e-05 -4.14831e-06  2.47977e-05  1.25666e-05 -1.09489e-05  1.77887e-05  4.26841e-05  4.03316e-05  1.83129e-07  3.26169e-08  2.08371e-05  -2.0336e-05 -6.47681e-06  2.36325e-06
  0.00200848 -6.28536e-05 -4.47597e-07 -7.77847e-05  0.000107942 -0.000200167  2.96384e-05      4.72922 -0.000174508 -7.22653e-05 -0.000115473  -0.00012234 -9.93901e-05 -0.000448574  0.000215635  2.88239e-05  -0.00013347 -3.95152e-05  6.96155e-05 -3.13823e-05 -0.000327087 -0.000365428 -1.52108e-06 -2.83561e-07 -0.000111921  0.000105241  4.95558e-05 -1.93808e-05
 1.02154e-05 -3.02675e-05  1.16157e-05 -4.42214e-05  2.58253e-05 -0.000185067  2.27763e-05 -0.000174508      4.42871 -4.53245e-05 -0.000553362  8.96533e-05 -5.78312e-05 -0.000276303  0.000139065   1.1523e-05 -0.000152431 -6.40217e-05  0.000169624  7.06171e-05 -0.000204221   -0.0002241 -9.37154e-07   0.00017514  0.000149727  8.56144e-06  3.18877e-05 -1.19089e-05
 -0.00184465    -0.106965  2.23312e-05 -1.95379e-05 -2.52079e-05   0.00158611  9.72292e-06 -7.22653e-05 -4.53245e-05     0.762654  0.000343717  -0.00272873 -2.52296e-05 -0.000113405  -0.00102062  0.000786809   0.00165578   0.00157423  -0.00235672 -0.000471666 -8.40044e-05 -9.31255e-05  3.04368e-06  2.76083e-06  -0.00379046   0.00166301  1.25461e-05  3.57465e-05
  0.00333006   -0.0116024    -0.077275 -2.82905e-05 -0.000533657   0.00215709  1.46281e-05 -0.000115473 -0.000553362  0.000343717      3.45512    -0.040211 -3.63725e-05 -0.000184729  -0.00101686   0.00100341    0.0179741    0.0159897   -0.0382862  -0.00354994  -0.00013716 -0.000149138 -3.88208e-06  1.58713e-05   -0.0556153   0.00229137  2.11042e-05 -5.74826e-05
   -0.059982    0.0766174  -0.00247995 -6.61023e-05    0.0041763    -0.022455  2.82349e-05  -0.00012234  8.96533e-05  -0.00272873    -0.040211      1.84782 -7.87858e-05 -0.000160709    0.0129472  -0.00890635    -0.290637    -0.216283    -0.627893      -1.1901 -7.36699e-05 -0.000132232 -1.17202e-05 -8.09783e-05     0.392432   -0.0224263   1.1185e-05 -9.21512e-05
  0.00198724  1.04184e-05 -3.18277e-06 -2.94689e-05  3.58127e-05 -6.40881e-05  5.32455e-06 -9.93901e-05 -5.78312e-05 -2.52296e-05 -3.63725e-05 -7.87858e-05      4.72947 -0.000153843  7.40369e-05  1.11956e-05 -6.88539e-05 -3.80262e-05  3.10482e-05 -5.48696e-05 -0.000109243 -0.000125921 -5.09322e-07  8.01431e-06  -5.8176e-05  3.47422e-05  1.65042e-05 -6.48013e-06
  0.00202708 -0.000128699   1.9349e-06 -0.000120402  0.000171117 -0.000319623  5.09126e-05 -0.000448574 -0.000276303 -0.000113405 -0.000184729 -0.000160709 -0.000153843       4.7288  0.000339824  4.41126e-05  -0.00019003 -4.07941e-05  0.000103107 -1.07607e-05 -0.000517894 -0.000575202 -2.40747e-06 -4.54367e-07 -0.000159286  0.000166704  7.84666e-05 -3.06821e-05
 -0.00456931    0.0267994 -6.81122e-05  6.04705e-05 -0.000518208    0.0584384  -2.0167e-05  0.000215635  0.000139065  -0.00102062  -0.00101686    0.0129472  7.40369e-05  0.000339824      4.41753    0.0290713    0.0052348   0.00531985    0.0300895   -0.0175658  0.000258706  0.000280954  -0.00171007  6.43134e-05    0.0120294    0.0582044 -3.73806e-05 -0.000249207
    0.002634   -0.0226987  6.18441e-05   5.6608e-06  0.000365719   -0.0497236 -4.14831e-06  2.88239e-05   1.1523e-05  0.000786809   0.00100341  -0.00890635  1.11956e-05  4.41126e-05    0.0290713      3.67966    -0.017836  -0.00288549    -0.026595    0.0177747  3.11136e-05  3.66519e-05 -1.18892e-05 -5.20027e-05  -0.00961045   -0.0497506 -4.98968e-06 -1.02651e-05
  -0.0387288   -0.0454639   0.00106523 -5.33358e-05  -0.00162413   -0.0119539  2.47977e-05  -0.00013347 -0.000152431   0.00165578    0.0179741    -0.290637 -6.88539e-05  -0.00019003    0.0052348    -0.017836      1.42631      -0.3937     0.265837    -0.530776 -0.000120356 -0.000191437  1.06926e-05  9.84358e-06    -0.176601    -0.011875  1.72551e-05  0.000176187
  -0.0396067   -0.0413568  0.000940436 -2.89089e-05  -0.00145403    -0.012501  1.25666e-05 -3.95152e-05 -6.40217e-05   0.00157423    0.0159897    -0.216283 -3.80262e-05 -4.07941e-05   0.00531985  -0.00288549      -0.3937      1.37552     0.234562    -0.555382 -1.17514e-05 -3.50555e-05  1.63643e-05   9.0667e-06    -0.157104   -0.0125278  4.42577e-07  0.000246498
   0.0128189    0.0639885  -0.00231434  1.79913e-05   0.00419732   -0.0483966 -1.09489e-05  6.96155e-05  0.000169624  -0.00235672   -0.0382862    -0.627893  3.10482e-05  0.000103107    0.0300895    -0.026595     0.265837     0.234562      3.08092   -0.0294087  7.65801e-05  8.43891e-05 -3.07911e-05 -0.000112968     0.374972   -0.0484508 -1.08336e-05 -0.000258648
  -0.0706526    0.0167076  -0.00026898 -4.05565e-05  7.76839e-05    0.0267028  1.77887e-05 -3.13823e-05  7.06171e-05 -0.000471666  -0.00354994      -1.1901 -5.48696e-05 -1.07607e-05   -0.0175658    0.0177747    -0.530776    -0.555382   -0.0294087      2.57045  3.53137e-05 -1.11734e-05  2.00097e-05  3.37727e-05    0.0340216    0.0266113 -6.09441e-06  0.000177052
  3.7953e-05 -0.000133119   4.8871e-06 -8.55047e-05  0.000126652 -0.000238903  4.26841e-05 -0.000327087 -0.000204221 -8.40044e-05  -0.00013716 -7.36699e-05 -0.000109243 -0.000517894  0.000258706  3.11136e-05 -0.000120356 -1.17514e-05  7.65801e-05  3.53137e-05      3.69726  -0.00042079 -1.98065e-06 -3.81837e-07 -0.000100423  0.000124044  5.79977e-05   -2.535e-05
  0.00195133 -9.62533e-05  9.10653e-07 -9.88714e-05  0.000139014 -0.000258766  4.03316e-05 -0.000365428   -0.0002241 -9.31255e-05 -0.000149138 -0.000132232 -0.000125921 -0.000575202  0.000280954  3.66519e-05 -0.000191437 -3.50555e-05  8.43891e-05 -1.11734e-05  -0.00042079      4.56786 -2.04835e-06    7.441e-06 -0.000133346  0.000135698  6.37582e-05 -2.61477e-05
 6.91023e-07 -8.79431e-06 -1.75398e-07 -3.83369e-07  9.30106e-07 -2.49332e-05  1.83129e-07 -1.52108e-06 -9.37154e-07  3.04368e-06 -3.88208e-06 -1.17202e-05 -5.09322e-07 -2.40747e-06  -0.00171007 -1.18892e-05  1.06926e-05  1.63643e-05 -3.07911e-05  2.00097e-05 -1.98065e-06 -2.04835e-06      3.70115  5.40903e-08  6.25574e-06 -2.32484e-05  2.69601e-07  5.48016e-06
 9.68194e-06 -6.43365e-05  4.27233e-07  0.000157672  1.61345e-05 -0.000116568  3.26169e-08 -2.83561e-07   0.00017514  2.76083e-06  1.58713e-05 -8.09783e-05  8.01431e-06 -4.54367e-07  6.43134e-05 -5.20027e-05  9.84358e-06   9.0667e-06 -0.000112968  3.37727e-05 -3.81837e-07    7.441e-06  5.40903e-08   0.00305271 -9.59055e-05 -0.000116237  1.73199e-05  1.06055e-06
  -0.0326228      0.11094  -0.00339318 -5.00841e-05   0.00567508   -0.0218466  2.08371e-05 -0.000111921  0.000149727  -0.00379046   -0.0556153     0.392432  -5.8176e-05 -0.000159286    0.0120294  -0.00961045    -0.176601    -0.157104     0.374972    0.0340216 -0.000100423 -0.000133346  6.25574e-06 -9.59055e-05     0.541587   -0.0217806  1.38177e-05  0.000145704
  0.00614314   -0.0456207  0.000134632  2.00885e-05  0.000678624   -0.0996374  -2.0336e-05  0.000105241  8.56144e-06   0.00166301   0.00229137   -0.0224263  3.47422e-05  0.000166704    0.0582044   -0.0497506    -0.011875   -0.0125278   -0.0484508    0.0266113  0.000124044  0.000135698 -2.32484e-05 -0.000116237   -0.0217806      3.60488 -1.93801e-05 -1.29836e-05
-5.60825e-06  1.89115e-05 -7.27657e-07  1.22613e-05 -1.91659e-05  3.56212e-05 -6.47681e-06  4.95558e-05  3.18877e-05  1.25461e-05  2.11042e-05   1.1185e-05  1.65042e-05  7.84666e-05 -3.73806e-05 -4.98968e-06  1.72551e-05  4.42577e-07 -1.08336e-05 -6.09441e-06  5.79977e-05  6.37582e-05  2.69601e-07  1.73199e-05  1.38177e-05 -1.93801e-05       10.079  3.43941e-06
-1.44022e-05  1.96115e-05  -2.7106e-06 -4.85316e-06  9.85159e-06 -3.44753e-05  2.36325e-06 -1.93808e-05 -1.19089e-05  3.57465e-05 -5.74826e-05 -9.21512e-05 -6.48013e-06 -3.06821e-05 -0.000249207 -1.02651e-05  0.000176187  0.000246498 -0.000258648  0.000177052   -2.535e-05 -2.61477e-05  5.48016e-06  1.06055e-06  0.000145704 -1.29836e-05  3.43941e-06  7.25463e-05
* row and column names
ks_111
ks_123
ks_133
ks_134
ks_148
ks_154
ks_175
ks_186
ks_190
ks_206
ks_208
ks_21
ks_211
ks_215
ks_26
ks_31
ks_38
ks_40
ks_41
ks_42
ks_49
ks_51
ks_65
ks_88
sfr_k_17
sfr_k_22
surfk_3_22
vka_ratio_2
