frozen_parameter_set_begin  1
KS_111 = 4.84881
KS_88 = 16.4743
SFR_K_12 = 0.1
VKS_1_12 = 0.000251189
VKS_2_6 = 0.000158489
VKS_3_5 = 3.09e-08
SPILL_688 = 8.2296
KS_126 = 500
KS_125 = 500
KS_30 = 1e-05
frozen_parameter_set_end  1
frozen_parameter_set_begin  2
KS_111 = 4.84881
KS_88 = 16.4743
SFR_K_12 = 0.1
VKS_1_12 = 0.000251189
VKS_2_6 = 0.000158489
VKS_3_5 = 3.09e-08
SPILL_688 = 8.2296
KS_126 = 500
KS_125 = 500
KS_30 = 1e-05
frozen_parameter_set_end  2
